00600.jpg;489;554;515;575;2;0.42
00600.jpg;1132;523;1149;536;6;0.42
00600.jpg;1200;496;1217;509;6;0.51
00600.jpg;841;490;865;520;6;0.44
00600.jpg;1160;530;1178;550;6;0.49
00600.jpg;1254;488;1343;566;6;0.46
00601.jpg;1190;189;1213;210;5;0.51
00601.jpg;104;412;123;431;6;0.44
00601.jpg;79;444;146;511;1;0.43
00601.jpg;1068;575;1117;616;6;0.4
00602.jpg;782;566;794;576;4;0.53
00602.jpg;443;543;473;573;1;0.78
00602.jpg;1338;249;1356;271;6;0.43
00602.jpg;907;507;936;530;6;0.46
00602.jpg;1268;555;1299;588;1;0.74
00603.jpg;1077;524;1099;541;2;0.43
00603.jpg;1128;442;1144;460;5;0.45
00603.jpg;1009;487;1033;508;1;0.41
00603.jpg;1044;231;1065;249;2;0.45
00603.jpg;1182;33;1203;54;6;0.41
00603.jpg;1101;6;1124;33;6;0.51
00603.jpg;1224;20;1260;56;6;0.43
00603.jpg;361;444;416;500;1;0.7
00603.jpg;1247;56;1271;80;6;0.42
00603.jpg;1185;70;1198;84;6;0.41
00603.jpg;273;483;285;498;6;0.49
00603.jpg;1208;89;1238;113;6;0.44
00603.jpg;1165;208;1179;221;6;0.43
00603.jpg;1235;201;1254;220;6;0.44
00603.jpg;1303;56;1326;78;6;0.41
00603.jpg;1264;71;1316;134;6;0.4
00603.jpg;971;587;985;603;6;0.52
00603.jpg;8;517;34;548;6;0.43
00603.jpg;11;548;35;572;6;0.42
00603.jpg;1306;285;1335;311;1;0.42
00603.jpg;1062;415;1077;432;1;0.42
00603.jpg;1296;363;1309;375;6;0.51
00603.jpg;1170;430;1182;445;1;0.42
00604.jpg;142;703;163;722;6;0.48
00604.jpg;366;487;435;547;2;0.74
00604.jpg;920;509;938;533;2;0.47
00604.jpg;1119;438;1158;475;6;0.43
00604.jpg;1135;466;1153;483;6;0.44
00604.jpg;1275;342;1314;375;6;0.43
00604.jpg;1177;430;1196;449;6;0.42
00604.jpg;1211;456;1248;493;6;0.41
00604.jpg;1210;481;1247;518;6;0.41
00604.jpg;1327;482;1358;517;6;0.41
00604.jpg;24;523;54;553;2;0.43
00604.jpg;1322;504;1353;535;6;0.45
00604.jpg;1297;475;1330;504;6;0.42
00604.jpg;1258;503;1294;539;6;0.4
00604.jpg;1297;420;1312;433;6;0.42
00604.jpg;1257;420;1293;462;6;0.49
00604.jpg;1299;505;1323;532;6;0.42
00604.jpg;1031;611;1053;630;6;0.48
00604.jpg;1162;624;1188;647;4;0.57
00605.jpg;299;563;326;585;5;0.41
00605.jpg;784;515;865;616;5;0.41
00605.jpg;845;499;881;535;1;0.78
00605.jpg;1068;590;1091;611;1;0.49
00605.jpg;166;511;208;547;1;0.69
00605.jpg;1081;625;1095;639;2;0.46
00605.jpg;1278;511;1293;528;6;0.43
00605.jpg;1201;565;1237;601;2;0.44
00605.jpg;996;540;1011;559;2;0.47
00606.jpg;1234;176;1283;227;6;0.41
00606.jpg;1253;226;1270;245;6;0.43
00606.jpg;1186;225;1208;252;6;0.43
00606.jpg;1138;291;1149;305;6;0.42
00606.jpg;1188;349;1297;468;6;0.42
00606.jpg;1057;345;1076;362;6;0.41
00606.jpg;1089;371;1206;486;6;0.41
00606.jpg;1065;450;1088;475;2;0.42
00607.jpg;913;519;946;549;5;0.54
00607.jpg;610;566;699;655;5;0.49
00607.jpg;1128;638;1164;668;6;0.41
00607.jpg;1189;41;1207;65;6;0.54
00607.jpg;271;569;294;588;2;0.42
00607.jpg;1149;582;1270;692;6;0.51
00607.jpg;1166;151;1215;204;6;0.46
00607.jpg;1266;55;1289;78;6;0.56
00607.jpg;1303;84;1336;117;6;0.42
00607.jpg;1231;63;1249;87;6;0.43
00607.jpg;1271;140;1286;157;6;0.51
00607.jpg;995;597;1022;627;6;0.41
00607.jpg;1235;188;1251;206;6;0.44
00607.jpg;1250;417;1265;432;6;0.43
00607.jpg;1040;493;1057;512;2;0.41
00607.jpg;766;536;788;563;4;0.42
00607.jpg;886;472;949;526;2;0.76
00607.jpg;975;538;993;554;5;0.43
00608.jpg;948;615;970;632;5;0.4
00608.jpg;236;297;302;366;5;0.45
00608.jpg;968;427;984;444;4;0.45
00608.jpg;1207;343;1231;367;6;0.41
00608.jpg;1257;122;1272;137;6;0.41
00608.jpg;1267;448;1282;462;6;0.53
00608.jpg;1094;444;1113;463;6;0.47
00608.jpg;942;329;961;352;6;0.41
00608.jpg;1041;431;1060;455;6;0.43
00608.jpg;1042;452;1059;468;6;0.44
00608.jpg;172;324;183;337;6;0.43
00608.jpg;358;550;435;633;6;0.43
00608.jpg;1341;534;1356;553;5;0.54
00608.jpg;1065;525;1089;544;1;0.4
00609.jpg;1096;341;1111;355;1;0.44
00609.jpg;717;622;741;643;5;0.52
00609.jpg;253;511;283;544;6;0.42
00609.jpg;904;205;926;222;6;0.42
00609.jpg;1211;28;1242;59;6;0.46
00609.jpg;872;185;892;203;6;0.49
00609.jpg;169;519;186;536;6;0.46
00609.jpg;97;548;260;697;2;0.53
00609.jpg;740;638;925;798;6;0.42
00609.jpg;940;184;957;201;6;0.52
00609.jpg;971;219;988;236;6;0.41
00609.jpg;1056;237;1070;252;6;0.42
00609.jpg;292;562;364;640;2;0.42
00609.jpg;1252;9;1269;28;6;0.44
00609.jpg;810;507;840;537;1;0.79
00609.jpg;1050;436;1067;451;6;0.5
00609.jpg;1171;109;1186;124;6;0.45
00609.jpg;0;591;31;618;6;0.5
00609.jpg;311;513;341;543;1;0.71
00609.jpg;1044;337;1056;349;6;0.47
00609.jpg;345;609;387;651;3;0.48
00609.jpg;1190;603;1211;618;1;0.42
00610.jpg;15;492;54;541;2;0.59
00610.jpg;175;610;211;644;1;0.42
00610.jpg;1306;22;1347;55;6;0.42
00610.jpg;231;466;252;481;6;0.42
00610.jpg;916;552;937;571;1;0.63
00610.jpg;666;560;744;629;3;0.58
00610.jpg;413;596;440;620;4;0.6
00610.jpg;373;525;463;615;4;0.64
00610.jpg;76;547;92;561;5;0.41
00610.jpg;99;547;115;562;5;0.42
00610.jpg;72;570;96;588;1;0.53
00611.jpg;601;639;615;656;1;0.5
00611.jpg;652;532;730;595;2;0.51
00611.jpg;1099;628;1115;643;2;0.55
00611.jpg;813;103;849;139;6;0.43
00611.jpg;837;487;870;520;1;0.74
00611.jpg;710;143;734;167;6;0.42
00611.jpg;741;121;753;135;6;0.45
00611.jpg;839;517;875;550;1;0.66
00611.jpg;897;102;914;122;6;0.46
00611.jpg;447;501;460;516;3;0.45
00611.jpg;188;525;206;541;6;0.4
00611.jpg;1274;699;1295;717;2;0.42
00611.jpg;1219;740;1246;762;4;0.43
00611.jpg;1112;629;1135;648;1;0.42
00611.jpg;1130;625;1153;647;1;0.45
00612.jpg;851;535;880;568;2;0.5
00612.jpg;815;530;854;569;2;0.48
00612.jpg;123;535;189;616;6;0.46
00612.jpg;211;413;249;456;3;0.53
00612.jpg;169;374;200;403;2;0.5
00612.jpg;140;606;203;669;1;0.56
00612.jpg;132;640;207;712;3;0.59
00613.jpg;1098;306;1122;330;6;0.4
00613.jpg;1095;500;1117;517;6;0.47
00613.jpg;1131;561;1164;597;1;0.71
00613.jpg;477;545;513;581;1;0.8
00614.jpg;422;558;470;612;6;0.4
00614.jpg;367;556;388;574;1;0.48
00614.jpg;181;465;208;489;1;0.42
00614.jpg;1060;555;1079;576;1;0.46
00614.jpg;1069;460;1096;487;2;0.41
00614.jpg;991;413;1024;442;1;0.41
00614.jpg;1236;340;1263;362;5;0.49
00614.jpg;966;629;983;648;2;0.41
00614.jpg;873;619;886;632;3;0.42
00614.jpg;650;574;674;604;6;0.56
00614.jpg;1148;17;1172;47;6;0.56
00614.jpg;1217;118;1250;148;6;0.47
00614.jpg;1245;3;1289;47;6;0.42
00614.jpg;86;416;99;430;6;0.45
00614.jpg;1220;52;1251;86;6;0.45
00614.jpg;1245;221;1284;254;6;0.44
00614.jpg;1236;207;1252;225;6;0.47
00614.jpg;1317;327;1334;341;6;0.44
00614.jpg;1008;379;1034;402;6;0.44
00614.jpg;1050;380;1065;401;6;0.42
00614.jpg;1034;362;1054;383;6;0.48
00614.jpg;1185;387;1202;404;6;0.49
00614.jpg;1259;366;1355;450;2;0.41
00614.jpg;1215;428;1232;443;1;0.41
00614.jpg;40;421;53;436;3;0.46
00614.jpg;1049;643;1070;660;4;0.43
00614.jpg;1026;637;1050;661;3;0.46
00614.jpg;1112;308;1125;321;6;0.45
00614.jpg;137;470;154;487;1;0.43
00614.jpg;385;553;445;607;6;0.49
00614.jpg;1121;411;1136;428;6;0.49
00614.jpg;1148;377;1167;394;6;0.46
00614.jpg;1019;430;1043;454;1;0.43
00614.jpg;971;515;998;540;4;0.42
00614.jpg;135;551;147;565;4;0.49
00615.jpg;1103;429;1117;443;4;0.43
00615.jpg;1064;502;1088;526;5;0.4
00615.jpg;1260;233;1282;258;2;0.41
00615.jpg;1314;316;1344;340;3;0.43
00615.jpg;1152;131;1171;152;4;0.41
00615.jpg;388;574;412;599;1;0.67
00615.jpg;377;535;418;573;2;0.65
00615.jpg;1033;2;1159;140;6;0.4
00615.jpg;1006;191;1027;209;6;0.44
00615.jpg;1129;307;1146;320;6;0.4
00615.jpg;1248;337;1260;347;6;0.4
00615.jpg;1240;319;1262;336;1;0.44
00615.jpg;862;525;925;577;2;0.43
00615.jpg;1163;426;1176;441;5;0.44
00615.jpg;1304;410;1319;424;1;0.41
00615.jpg;1037;502;1061;526;1;0.41
00615.jpg;1285;431;1316;470;1;0.42
00615.jpg;1270;442;1286;461;5;0.43
00615.jpg;1186;428;1250;492;1;0.42
00615.jpg;890;570;914;600;1;0.67
00615.jpg;25;697;42;711;4;0.5
00615.jpg;245;642;263;657;6;0.43
00615.jpg;1216;524;1234;543;2;0.46
00616.jpg;2;2;92;111;6;0.45
00616.jpg;930;506;954;536;6;0.56
00616.jpg;272;5;316;49;6;0.57
00616.jpg;1196;606;1244;648;1;0.63
00617.jpg;182;519;205;540;6;0.42
00617.jpg;397;524;417;541;6;0.43
00617.jpg;345;493;360;510;6;0.41
00617.jpg;1067;610;1093;633;5;0.45
00617.jpg;815;234;1091;486;2;0.51
00617.jpg;232;428;261;459;6;0.42
00617.jpg;233;389;257;413;6;0.41
00617.jpg;270;433;288;455;6;0.46
00617.jpg;434;507;489;562;2;0.57
00617.jpg;18;278;71;341;6;0.46
00617.jpg;134;481;158;505;6;0.43
00617.jpg;244;523;261;542;6;0.43
00617.jpg;157;483;181;504;6;0.41
00617.jpg;208;466;264;513;6;0.42
00617.jpg;106;557;130;581;6;0.45
00617.jpg;70;362;92;379;6;0.42
00617.jpg;167;561;183;578;6;0.41
00617.jpg;1326;477;1356;504;3;0.44
00617.jpg;26;510;45;529;6;0.4
00618.jpg;28;629;47;644;1;0.44
00618.jpg;258;563;274;583;2;0.53
00618.jpg;396;518;422;547;4;0.48
00618.jpg;353;516;380;543;3;0.44
00618.jpg;492;656;510;677;2;0.42
00618.jpg;907;582;937;616;5;0.41
00618.jpg;1271;577;1297;603;1;0.41
00618.jpg;1333;272;1351;293;6;0.43
00618.jpg;1162;581;1175;598;6;0.4
00618.jpg;70;395;103;432;6;0.46
00618.jpg;942;591;966;609;2;0.55
00618.jpg;478;654;496;672;2;0.48
00618.jpg;453;660;477;678;4;0.5
00618.jpg;193;498;221;529;2;0.41
00618.jpg;44;634;59;649;3;0.51
00619.jpg;2;134;81;220;6;0.44
00619.jpg;196;587;214;605;6;0.51
00619.jpg;844;418;878;452;5;0.66
00619.jpg;907;12;931;33;6;0.42
00619.jpg;69;587;107;621;3;0.42
00619.jpg;121;601;139;619;4;0.48
00619.jpg;49;643;66;658;6;0.43
00620.jpg;477;409;518;450;6;0.41
00620.jpg;262;443;288;464;6;0.45
00620.jpg;374;469;387;485;6;0.43
00620.jpg;1148;766;1169;784;2;0.49
00620.jpg;1133;760;1154;784;2;0.46
00620.jpg;108;311;138;347;6;0.43
00620.jpg;862;424;892;454;1;0.69
00620.jpg;65;293;89;312;6;0.41
00620.jpg;22;309;49;333;6;0.41
00620.jpg;503;547;527;565;3;0.41
00621.jpg;474;499;509;537;6;0.41
00621.jpg;1083;374;1266;542;3;0.43
00621.jpg;1213;553;1257;588;5;0.43
00621.jpg;1121;520;1158;551;4;0.47
00621.jpg;1063;339;1093;369;5;0.4
00621.jpg;247;317;271;341;6;0.41
00621.jpg;889;500;907;524;5;0.42
00621.jpg;296;283;319;302;6;0.47
00621.jpg;4;199;25;220;6;0.43
00621.jpg;917;412;940;433;1;0.44
00621.jpg;1224;509;1260;551;4;0.47
00621.jpg;1069;626;1081;639;2;0.47
00621.jpg;1185;551;1207;578;2;0.5
00621.jpg;782;444;806;468;1;0.69
00621.jpg;1285;511;1306;534;5;0.42
00621.jpg;174;316;198;343;6;0.41
00622.jpg;74;278;94;296;6;0.4
00622.jpg;23;329;47;353;6;0.45
00622.jpg;147;291;178;326;6;0.42
00622.jpg;539;506;572;544;6;0.43
00622.jpg;812;460;836;481;5;0.4
00622.jpg;974;544;1002;572;6;0.41
00622.jpg;981;660;1011;690;1;0.56
00622.jpg;19;56;43;80;6;0.44
00622.jpg;812;425;860;464;2;0.57
00623.jpg;1266;245;1285;264;1;0.45
00623.jpg;1184;570;1217;607;2;0.4
00623.jpg;973;374;1032;435;1;0.69
00623.jpg;288;505;336;553;2;0.52
00623.jpg;1234;252;1255;273;4;0.45
00624.jpg;821;465;842;489;1;0.49
00624.jpg;390;503;437;556;6;0.72
00625.jpg;651;522;672;545;5;0.42
00625.jpg;1037;377;1103;443;1;0.75
00625.jpg;6;1;30;19;6;0.5
00625.jpg;1054;403;1102;444;5;0.44
00625.jpg;1243;534;1276;572;5;0.41
00625.jpg;107;47;139;82;6;0.42
00625.jpg;81;32;107;61;6;0.51
00626.jpg;194;11;259;83;6;0.41
00626.jpg;383;84;407;108;6;0.48
00626.jpg;858;392;882;412;2;0.45
00626.jpg;857;403;892;440;1;0.74
00626.jpg;854;442;896;478;1;0.72
00627.jpg;1282;396;1297;409;6;0.51
00627.jpg;411;76;428;94;6;0.42
00627.jpg;415;524;442;554;6;0.47
00627.jpg;499;265;556;328;4;0.43
00627.jpg;1260;233;1284;257;6;0.41
00630.jpg;40;444;89;501;6;0.47
00630.jpg;156;437;321;605;6;0.41
00630.jpg;341;556;364;577;1;0.41
00630.jpg;1220;316;1283;382;1;0.54
00631.jpg;799;440;830;471;2;0.42
00631.jpg;798;477;831;510;1;0.7
00632.jpg;278;423;291;436;5;0.42
00632.jpg;221;424;235;436;4;0.42
00632.jpg;459;471;470;483;4;0.43
00632.jpg;446;491;476;524;3;0.42
00632.jpg;190;292;223;321;6;0.58
00632.jpg;562;1;586;31;6;0.42
00632.jpg;640;70;677;113;6;0.4
00632.jpg;457;531;475;547;2;0.41
00632.jpg;292;442;301;453;2;0.47
00632.jpg;229;434;277;488;2;0.41
00632.jpg;100;377;148;425;1;0.84
00632.jpg;585;352;787;578;2;0.56
00632.jpg;845;351;872;375;1;0.46
00632.jpg;1121;192;1355;465;6;0.43
00633.jpg;250;262;425;455;6;0.51
00633.jpg;512;543;533;563;4;0.44
00633.jpg;43;128;69;154;6;0.48
00633.jpg;945;500;969;524;6;0.43
00633.jpg;631;450;668;487;6;0.6
00633.jpg;1087;298;1191;407;6;0.48
00633.jpg;1237;339;1266;365;6;0.42
00633.jpg;427;773;448;794;3;0.41
00633.jpg;1135;445;1154;462;4;0.48
00633.jpg;1272;198;1316;251;6;0.41
00633.jpg;1158;361;1311;544;6;0.48
00633.jpg;983;484;1014;515;6;0.4
00633.jpg;449;524;470;548;1;0.53
00633.jpg;3;565;30;592;4;0.42
00633.jpg;36;476;54;497;6;0.41
00633.jpg;4;481;15;493;6;0.51
00634.jpg;525;371;569;415;1;0.75
00634.jpg;1150;753;1170;773;3;0.43
00634.jpg;866;279;902;312;2;0.46
00634.jpg;196;621;244;675;4;0.42
00634.jpg;230;590;251;611;4;0.48
00634.jpg;191;593;214;615;1;0.4
00634.jpg;814;500;836;523;4;0.44
00634.jpg;703;516;756;561;6;0.41
00634.jpg;744;402;768;432;3;0.49
00635.jpg;2;118;58;165;1;0.43
00635.jpg;2;83;41;122;5;0.41
00635.jpg;701;458;725;482;6;0.44
00635.jpg;828;421;865;462;1;0.7
00635.jpg;730;464;751;488;5;0.43
00636.jpg;114;456;221;553;5;0.45
00636.jpg;166;596;187;622;1;0.43
00636.jpg;255;511;302;552;3;0.41
00636.jpg;762;440;794;479;2;0.42
00636.jpg;840;535;864;559;3;0.48
00636.jpg;756;533;777;555;5;0.42
00636.jpg;1051;614;1074;635;1;0.41
00636.jpg;1326;598;1353;620;4;0.44
00636.jpg;1151;531;1177;554;5;0.47
00636.jpg;778;569;798;592;3;0.43
00636.jpg;500;4;596;100;2;0.41
00636.jpg;805;483;883;552;1;0.43
00636.jpg;938;534;971;573;5;0.47
00636.jpg;1065;739;1084;756;2;0.48
00636.jpg;142;436;168;462;2;0.53
00636.jpg;1078;691;1092;705;2;0.48
00636.jpg;1113;556;1143;580;5;0.42
00637.jpg;1086;544;1108;563;6;0.4
00637.jpg;1261;612;1285;633;2;0.42
00637.jpg;871;404;913;443;2;0.76
00637.jpg;865;455;880;474;2;0.53
00637.jpg;929;394;982;443;5;0.46
00637.jpg;288;484;347;557;4;0.45
00637.jpg;494;400;512;421;2;0.43
00637.jpg;1278;707;1305;728;3;0.5
00637.jpg;1198;193;1224;219;3;0.48
00637.jpg;1212;176;1229;193;2;0.42
00637.jpg;1256;168;1278;191;6;0.49
00638.jpg;467;524;493;554;1;0.4
00638.jpg;789;566;816;596;5;0.51
00638.jpg;1199;432;1223;456;1;0.5
00638.jpg;1196;398;1227;435;5;0.47
00638.jpg;1235;452;1258;478;5;0.52
00638.jpg;1285;556;1303;574;3;0.52
00638.jpg;859;526;886;559;3;0.61
00638.jpg;133;717;164;743;4;0.41
00638.jpg;1001;454;1073;529;1;0.41
00638.jpg;364;389;405;435;5;0.44
00638.jpg;914;376;951;413;1;0.76
00638.jpg;367;448;407;483;6;0.42
00638.jpg;1121;435;1142;450;1;0.43
00638.jpg;1082;489;1125;528;4;0.46
00638.jpg;1107;479;1124;496;1;0.41
00638.jpg;1181;483;1202;507;5;0.41
00638.jpg;1128;544;1145;558;1;0.56
00639.jpg;306;548;331;578;4;0.41
00639.jpg;1296;232;1316;250;1;0.46
00639.jpg;1193;229;1214;248;2;0.45
00639.jpg;1032;428;1054;450;2;0.49
00639.jpg;1070;292;1087;306;1;0.48
00639.jpg;1113;288;1130;305;5;0.51
00639.jpg;1120;199;1134;214;5;0.55
00639.jpg;1055;307;1088;338;1;0.45
00639.jpg;655;352;748;466;2;0.44
00639.jpg;624;276;650;302;5;0.45
00639.jpg;850;113;869;132;3;0.52
00639.jpg;877;94;904;116;2;0.44
00639.jpg;855;166;876;187;5;0.41
00639.jpg;488;504;504;519;4;0.44
00639.jpg;499;480;518;504;3;0.47
00639.jpg;808;458;829;476;4;0.42
00639.jpg;1038;568;1062;586;2;0.46
00639.jpg;93;369;123;399;3;0.43
00639.jpg;1131;247;1152;265;4;0.42
00639.jpg;1213;277;1255;313;4;0.43
00639.jpg;1154;292;1180;313;1;0.49
00639.jpg;1208;137;1230;159;4;0.5
00639.jpg;58;359;88;383;5;0.41
00639.jpg;1206;396;1223;411;5;0.44
00639.jpg;0;410;33;447;3;0.4
00639.jpg;1278;238;1308;262;1;0.43
00639.jpg;1306;400;1337;433;2;0.44
00640.jpg;1103;352;1174;423;1;0.6
00641.jpg;722;492;758;534;1;0.57
00641.jpg;702;464;732;494;2;0.43
00641.jpg;458;500;500;542;1;0.62
00641.jpg;29;427;66;465;4;0.81
00641.jpg;807;536;828;554;4;0.47
00641.jpg;842;527;866;557;5;0.44
00641.jpg;384;555;407;576;3;0.41
00641.jpg;564;560;588;579;2;0.46
00641.jpg;1058;652;1070;666;2;0.42
00642.jpg;1233;2;1334;110;3;0.47
00642.jpg;943;721;973;751;6;0.42
00642.jpg;607;525;621;539;4;0.45
00642.jpg;517;529;532;544;3;0.47
00642.jpg;456;531;475;547;3;0.4
00642.jpg;560;307;584;331;6;0.44
00642.jpg;421;525;436;540;2;0.41
00642.jpg;437;518;455;536;5;0.51
00642.jpg;1269;648;1286;663;1;0.4
00642.jpg;1231;56;1327;158;4;0.5
00642.jpg;1101;571;1128;595;2;0.42
00642.jpg;1237;123;1318;194;5;0.5
00642.jpg;1320;205;1341;226;2;0.52
00643.jpg;725;528;749;549;1;0.4
00643.jpg;778;496;829;544;4;0.47
00643.jpg;791;534;804;545;1;0.44
00643.jpg;790;547;805;562;2;0.44
00643.jpg;807;549;820;562;5;0.42
00643.jpg;953;482;994;529;5;0.42
00643.jpg;1016;524;1031;545;1;0.44
00643.jpg;1139;434;1264;569;1;0.42
00643.jpg;1218;552;1257;596;1;0.41
00643.jpg;1245;157;1293;214;2;0.41
00643.jpg;1187;182;1234;239;5;0.41
00643.jpg;1227;693;1242;706;4;0.51
00643.jpg;1007;553;1023;568;2;0.45
00643.jpg;1250;2;1308;65;5;0.48
00643.jpg;1316;106;1359;159;5;0.43
00643.jpg;1333;384;1346;401;4;0.43
00643.jpg;1172;549;1203;586;1;0.47
00643.jpg;1213;719;1243;749;1;0.49
00643.jpg;1103;664;1129;685;4;0.47
00643.jpg;633;486;648;501;1;0.49
00643.jpg;565;665;628;719;1;0.42
00643.jpg;629;550;653;577;1;0.42
00643.jpg;344;530;363;547;6;0.47
00643.jpg;957;453;994;487;2;0.43
00643.jpg;152;326;175;345;2;0.4
00643.jpg;81;458;108;482;6;0.4
00643.jpg;75;419;99;449;5;0.42
00643.jpg;180;321;213;350;4;0.42
00644.jpg;738;467;765;492;3;0.42
00644.jpg;368;547;392;571;1;0.46
00644.jpg;76;513;129;570;6;0.88
00644.jpg;766;533;777;547;3;0.6
00644.jpg;785;378;818;414;6;0.46
00644.jpg;939;518;969;545;2;0.43
00644.jpg;357;532;376;556;2;0.66
00644.jpg;24;372;38;389;6;0.45
00644.jpg;150;459;171;483;3;0.43
00644.jpg;76;458;97;482;4;0.53
00644.jpg;53;401;66;416;5;0.56
00644.jpg;174;477;240;531;1;0.44
00645.jpg;108;87;153;130;2;0.41
00645.jpg;192;81;225;122;2;0.43
00645.jpg;222;115;255;151;2;0.51
00645.jpg;252;145;279;175;2;0.43
00645.jpg;743;562;762;578;5;0.47
00645.jpg;255;572;296;613;5;0.43
00645.jpg;236;526;278;568;6;0.47
00645.jpg;1005;303;1104;414;2;0.56
00645.jpg;108;482;147;518;5;0.4
00645.jpg;97;293;141;344;4;0.48
00645.jpg;141;315;180;363;4;0.41
00645.jpg;603;166;618;179;4;0.44
00645.jpg;671;49;686;64;4;0.49
00645.jpg;146;153;188;198;3;0.4
00645.jpg;103;117;150;174;3;0.42
00645.jpg;53;137;74;161;6;0.49
00645.jpg;50;79;110;133;3;0.4
00645.jpg;16;99;31;118;6;0.46
00645.jpg;1022;540;1046;564;1;0.41
00645.jpg;922;473;952;509;1;0.49
00645.jpg;954;473;990;503;1;0.41
00645.jpg;555;546;579;570;6;0.46
00645.jpg;577;525;618;566;2;0.47
00645.jpg;1333;472;1352;489;6;0.42
00645.jpg;1152;510;1225;599;2;0.42
00645.jpg;1088;548;1115;570;6;0.45
00645.jpg;1208;639;1223;653;5;0.52
00646.jpg;555;465;607;528;1;0.47
00646.jpg;117;220;191;311;2;0.45
00646.jpg;101;124;194;232;1;0.41
00646.jpg;859;487;880;508;4;0.41
00646.jpg;809;414;846;445;2;0.49
00646.jpg;1308;443;1334;464;3;0.46
00646.jpg;1308;487;1326;505;5;0.41
00646.jpg;1099;469;1147;517;5;0.43
00646.jpg;1150;469;1174;490;1;0.42
00646.jpg;1227;394;1256;427;4;0.41
00646.jpg;189;70;218;97;1;0.48
00646.jpg;614;453;662;501;1;0.51
00646.jpg;744;470;783;503;5;0.49
00646.jpg;633;515;664;543;3;0.41
00646.jpg;823;648;870;685;3;0.45
00646.jpg;561;434;588;458;5;0.79
00646.jpg;578;517;599;542;3;0.48
00646.jpg;648;496;663;511;5;0.43
00646.jpg;95;475;113;499;2;0.45
00646.jpg;412;442;454;484;4;0.44
00646.jpg;458;545;476;567;1;0.47
00647.jpg;285;468;309;498;1;0.49
00647.jpg;179;344;198;367;2;0.41
00647.jpg;98;539;122;557;3;0.4
00647.jpg;118;329;159;368;4;0.47
00647.jpg;609;517;632;536;6;0.72
00647.jpg;1005;547;1083;638;1;0.41
00647.jpg;1190;300;1238;357;5;0.41
00647.jpg;1091;439;1124;472;3;0.62
00647.jpg;708;488;730;505;4;0.42
00647.jpg;811;464;868;531;4;0.45
00647.jpg;829;449;853;473;3;0.51
00647.jpg;866;485;883;504;4;0.51
00647.jpg;785;475;814;502;3;0.43
00647.jpg;832;293;868;335;4;0.43
00647.jpg;632;475;650;493;2;0.41
00647.jpg;1077;397;1090;408;5;0.43
00647.jpg;1035;452;1048;465;2;0.42
00647.jpg;998;483;1042;536;6;0.58
00647.jpg;1258;543;1318;594;3;0.52
00647.jpg;1042;490;1063;509;6;0.54
00647.jpg;544;468;562;485;4;0.51
00647.jpg;1201;271;1225;298;2;0.4
00647.jpg;529;500;546;519;2;0.46
00647.jpg;1305;250;1356;307;2;0.55
00647.jpg;280;315;453;491;2;0.42
00647.jpg;1064;538;1141;603;3;0.55
00647.jpg;324;473;402;542;5;0.43
00647.jpg;77;445;95;457;2;0.48
00647.jpg;1344;512;1356;524;2;0.41
00648.jpg;136;397;382;607;1;0.41
00648.jpg;2;434;171;593;2;0.4
00648.jpg;577;290;679;386;2;0.4
00648.jpg;995;285;1029;320;3;0.45
00648.jpg;821;362;1032;549;3;0.56
00648.jpg;1102;455;1132;481;2;0.46
00648.jpg;1164;436;1182;454;5;0.47
00648.jpg;1150;434;1168;452;5;0.44
00648.jpg;1260;504;1332;576;5;0.47
00648.jpg;390;544;429;575;1;0.45
00648.jpg;839;529;880;566;1;0.47
00648.jpg;880;526;928;568;1;0.41
00648.jpg;1121;205;1157;247;2;0.44
00648.jpg;1162;180;1311;307;4;0.47
00648.jpg;1017;186;1113;270;4;0.53
00648.jpg;1021;155;1069;209;2;0.49
00648.jpg;1065;161;1082;175;4;0.43
00648.jpg;1123;8;1333;236;2;0.49
00648.jpg;1223;404;1349;545;4;0.47
00648.jpg;610;227;748;353;1;0.43
00648.jpg;509;350;530;369;3;0.42
00648.jpg;345;380;414;440;2;0.82
00648.jpg;1139;477;1163;501;2;0.46
00648.jpg;1126;477;1144;495;2;0.4
00648.jpg;1091;478;1110;495;5;0.46
00648.jpg;1109;479;1124;494;5;0.48
00648.jpg;511;380;560;429;5;0.41
00648.jpg;415;414;439;435;4;0.46
00648.jpg;418;398;436;416;4;0.4
00648.jpg;684;115;721;149;5;0.41
00648.jpg;769;360;843;437;4;0.41
00648.jpg;87;67;138;127;1;0.42
00648.jpg;562;503;586;533;2;0.42
00648.jpg;508;502;534;528;4;0.54
00648.jpg;514;447;535;468;4;0.45
00648.jpg;463;441;499;483;4;0.65
00649.jpg;558;534;582;558;2;0.58
00649.jpg;1016;184;1046;208;5;0.57
00649.jpg;1030;428;1051;452;1;0.41
00649.jpg;813;634;849;670;1;0.4
00649.jpg;270;495;288;513;2;0.44
00649.jpg;786;615;822;645;5;0.41
00649.jpg;48;413;84;452;1;0.41
00649.jpg;1219;52;1245;75;2;0.41
00649.jpg;1137;237;1204;309;2;0.42
00649.jpg;1179;305;1210;331;4;0.41
00649.jpg;592;404;694;512;4;0.42
00649.jpg;768;470;792;494;5;0.43
00649.jpg;605;218;632;239;2;0.6
00649.jpg;428;421;455;445;3;0.45
00649.jpg;472;417;496;447;3;0.52
00649.jpg;797;463;826;496;3;0.42
00649.jpg;504;218;523;238;5;0.45
00649.jpg;729;481;750;505;5;0.45
00649.jpg;1243;46;1274;77;1;0.49
00649.jpg;353;428;368;445;2;0.42
00649.jpg;543;545;573;575;1;0.48
00649.jpg;434;502;478;549;1;0.43
00649.jpg;1047;321;1094;378;1;0.43
00649.jpg;1158;276;1197;323;2;0.41
00649.jpg;1147;166;1186;213;5;0.45
00649.jpg;1135;459;1150;472;2;0.43
00649.jpg;1120;425;1150;457;2;0.44
00649.jpg;306;536;336;560;1;0.4
00649.jpg;269;228;293;246;4;0.45
00649.jpg;1060;189;1079;206;1;0.53
00649.jpg;1286;527;1325;564;3;0.5
00650.jpg;1108;0;1149;41;3;0.44
00650.jpg;1036;218;1183;374;2;0.4
00650.jpg;385;450;493;570;2;0.42
00650.jpg;273;474;420;655;2;0.46
00650.jpg;266;452;285;471;5;0.5
00650.jpg;540;494;586;542;2;0.4
00650.jpg;376;703;405;727;1;0.43
00650.jpg;148;429;165;448;5;0.53
00650.jpg;405;720;481;798;1;0.46
00650.jpg;57;445;216;589;2;0.53
00650.jpg;78;256;228;430;1;0.45
00650.jpg;285;60;304;76;2;0.41
00650.jpg;230;341;315;429;2;0.41
00650.jpg;0;466;41;513;1;0.46
00650.jpg;664;524;679;539;2;0.46
00650.jpg;17;537;65;576;2;0.46
00650.jpg;498;461;521;487;1;0.41
00651.jpg;322;507;346;534;1;0.54
00651.jpg;1140;569;1163;590;3;0.55
00651.jpg;1192;434;1241;478;1;0.41
00651.jpg;788;596;833;638;1;0.44
00651.jpg;731;401;935;629;5;0.44
00651.jpg;868;650;896;674;5;0.46
00651.jpg;533;509;566;545;2;0.43
00651.jpg;49;430;121;502;1;0.45
00651.jpg;121;48;218;141;1;0.47
00651.jpg;629;656;655;682;5;0.4
00651.jpg;826;630;869;666;1;0.47
00651.jpg;1329;107;1347;125;5;0.44
00651.jpg;804;343;855;403;2;0.54
00651.jpg;1322;91;1343;115;4;0.46
00651.jpg;557;521;592;556;4;0.51
00651.jpg;1223;177;1246;198;3;0.47
00651.jpg;1175;471;1300;624;2;0.48
00651.jpg;1174;384;1200;413;3;0.43
00651.jpg;1141;406;1180;443;4;0.42
00651.jpg;1150;218;1168;242;1;0.47
00651.jpg;1091;482;1115;506;2;0.45
00652.jpg;465;464;501;500;4;0.42
00652.jpg;1099;465;1120;491;4;0.48
00652.jpg;1078;481;1105;508;4;0.56
00652.jpg;911;531;932;550;2;0.6
00652.jpg;864;344;913;401;4;0.7
00652.jpg;595;536;608;551;4;0.5
00652.jpg;426;383;459;416;2;0.41
00652.jpg;568;489;590;516;2;0.4
00652.jpg;524;460;560;493;2;0.46
00652.jpg;846;1;952;101;2;0.42
00652.jpg;1012;382;1126;490;1;0.43
00652.jpg;967;411;1033;492;1;0.43
00652.jpg;345;379;375;409;1;0.45
00652.jpg;1136;365;1181;406;1;0.41
00652.jpg;117;492;146;523;4;0.42
00653.jpg;117;155;172;210;3;0.41
00653.jpg;455;544;475;561;2;0.42
00653.jpg;437;514;463;540;1;0.49
00653.jpg;90;498;109;518;4;0.44
00653.jpg;1228;401;1282;446;1;0.4
00653.jpg;1232;320;1276;362;2;0.43
00653.jpg;788;419;807;443;6;0.6
00653.jpg;684;442;719;486;2;0.48
00653.jpg;1126;45;1166;95;2;0.48
00653.jpg;841;416;874;449;5;0.41
00653.jpg;1072;296;1104;328;2;0.45
00653.jpg;759;339;818;402;3;0.47
00653.jpg;1065;106;1096;145;2;0.47
00653.jpg;815;304;867;351;2;0.44
00653.jpg;581;438;658;526;3;0.45
00653.jpg;380;373;396;390;2;0.42
00653.jpg;555;453;591;495;2;0.43
00653.jpg;405;368;480;434;2;0.47
00653.jpg;664;328;682;349;4;0.49
00653.jpg;238;476;271;509;1;0.49
00653.jpg;787;476;820;512;4;0.55
00653.jpg;422;529;443;550;1;0.44
00653.jpg;816;447;858;495;3;0.47
00653.jpg;692;471;794;585;5;0.44
00653.jpg;886;536;904;554;3;0.5
00653.jpg;938;415;995;462;5;0.41
00653.jpg;150;545;164;558;3;0.44
00653.jpg;1004;170;1028;197;5;0.48
00653.jpg;1217;413;1247;449;4;0.51
00653.jpg;1139;587;1169;614;5;0.45
00653.jpg;1117;565;1170;612;3;0.41
00653.jpg;1135;652;1157;677;4;0.42
00654.jpg;262;260;290;288;3;0.49
00654.jpg;833;468;881;519;1;0.4
00654.jpg;350;450;364;463;2;0.44
00654.jpg;464;455;477;469;1;0.46
00654.jpg;1079;386;1187;494;6;0.44
00654.jpg;1087;485;1117;521;6;0.45
00654.jpg;1239;504;1254;517;5;0.51
00654.jpg;1090;116;1117;146;3;0.55
00654.jpg;1248;272;1284;311;4;0.44
00654.jpg;868;162;898;192;6;0.5
00654.jpg;859;115;897;155;4;0.58
00654.jpg;1220;372;1316;468;6;0.44
00654.jpg;90;75;153;126;1;0.4
00654.jpg;6;448;117;550;5;0.49
00654.jpg;106;518;143;555;5;0.44
00654.jpg;1079;595;1099;612;2;0.44
00654.jpg;1254;606;1285;637;3;0.48
00654.jpg;683;467;725;509;1;0.43
00654.jpg;746;479;763;499;5;0.41
00654.jpg;821;494;840;516;4;0.43
00654.jpg;1075;740;1096;759;2;0.53
00654.jpg;1081;780;1093;792;2;0.47
00654.jpg;946;360;1090;492;6;0.64
00655.jpg;209;412;263;478;3;0.4
00655.jpg;840;355;879;391;3;0.4
00655.jpg;1283;122;1310;153;2;0.43
00655.jpg;802;489;829;511;2;0.43
00655.jpg;1265;1;1310;43;3;0.41
00655.jpg;95;442;146;497;1;0.48
00655.jpg;75;427;88;442;1;0.44
00655.jpg;951;363;1071;489;2;0.42
00655.jpg;1113;531;1139;552;5;0.45
00655.jpg;1287;445;1311;469;5;0.42
00655.jpg;1280;384;1346;462;1;0.41
00655.jpg;948;454;1092;592;4;0.43
00655.jpg;853;473;931;551;5;0.42
00655.jpg;1146;520;1173;549;2;0.6
00656.jpg;0;482;26;507;3;0.49
00656.jpg;625;469;643;489;4;0.41
00656.jpg;1188;690;1207;707;2;0.47
00656.jpg;576;466;597;491;1;0.73
00656.jpg;1136;408;1158;435;2;0.51
00656.jpg;638;167;740;287;2;0.42
00656.jpg;548;224;668;323;2;0.42
00656.jpg;1040;340;1057;354;4;0.53
00656.jpg;187;446;211;470;1;0.41
00656.jpg;838;269;868;302;6;0.63
00656.jpg;642;319;659;334;2;0.44
00656.jpg;76;431;129;482;4;0.47
00656.jpg;837;222;864;253;4;0.66
00656.jpg;310;378;493;546;1;0.4
00656.jpg;1331;293;1358;321;5;0.42
00656.jpg;17;484;113;568;1;0.4
00656.jpg;197;410;221;434;2;0.46
00656.jpg;645;395;688;428;2;0.47
00656.jpg;722;373;747;402;5;0.46
00656.jpg;648;295;682;325;1;0.43
00656.jpg;751;338;961;596;4;0.41
00656.jpg;558;551;573;568;2;0.45
00656.jpg;1160;384;1247;459;5;0.46
00656.jpg;1104;194;1152;248;5;0.44
00656.jpg;1199;275;1241;317;1;0.56
00656.jpg;1083;119;1140;170;1;0.44
00656.jpg;618;526;648;562;5;0.54
00656.jpg;240;547;255;560;2;0.48
00656.jpg;1314;532;1327;547;3;0.53
00657.jpg;1309;509;1328;528;1;0.49
00657.jpg;1234;408;1270;450;6;0.54
00657.jpg;698;526;725;556;6;0.54
00657.jpg;712;525;742;555;6;0.58
00657.jpg;1236;376;1272;412;6;0.46
00657.jpg;655;487;667;501;6;0.42
00657.jpg;644;454;659;469;3;0.68
00657.jpg;659;452;678;469;3;0.61
00657.jpg;680;455;693;469;4;0.67
00657.jpg;692;453;709;468;3;0.59
00657.jpg;707;452;725;470;3;0.57
00657.jpg;594;455;611;470;3;0.69
00657.jpg;609;430;627;454;4;0.59
00657.jpg;594;430;618;454;3;0.6
00657.jpg;929;262;1079;436;2;0.43
00657.jpg;1266;484;1305;526;3;0.42
00657.jpg;391;518;413;539;4;0.51
00657.jpg;421;524;433;537;2;0.44
00658.jpg;297;545;314;564;2;0.58
00658.jpg;859;355;923;409;2;0.53
00659.jpg;581;514;617;544;2;0.55
00659.jpg;1261;335;1288;362;6;0.49
00659.jpg;974;192;998;222;6;0.41
00659.jpg;1294;202;1315;223;6;0.66
00659.jpg;995;432;1032;469;1;0.54
00659.jpg;1175;145;1191;164;6;0.41
00659.jpg;1123;179;1136;193;6;0.41
00660.jpg;54;156;87;185;2;0.41
00660.jpg;55;180;96;213;2;0.42
00660.jpg;76;505;112;541;6;0.41
00660.jpg;123;587;202;654;6;0.59
00660.jpg;882;175;899;194;6;0.44
00660.jpg;907;1;937;34;6;0.4
00660.jpg;95;184;116;208;4;0.42
00660.jpg;411;255;428;272;2;0.4
00660.jpg;709;569;757;614;6;0.49
00660.jpg;237;730;261;751;1;0.53
00660.jpg;255;718;285;742;1;0.57
00660.jpg;214;495;257;548;6;0.51
00660.jpg;116;41;170;101;6;0.42
00660.jpg;943;422;979;458;1;0.66
00660.jpg;1274;230;1286;245;6;0.41
00661.jpg;956;488;985;512;6;0.41
00661.jpg;1089;0;1113;18;6;0.46
00661.jpg;1123;50;1160;81;6;0.41
00661.jpg;1156;14;1187;43;6;0.49
00661.jpg;1130;399;1169;434;3;0.47
00661.jpg;1002;419;1025;445;1;0.41
00661.jpg;998;406;1022;424;4;0.48
00661.jpg;1144;26;1157;39;6;0.43
00662.jpg;944;473;980;503;5;0.4
00662.jpg;1107;0;1146;34;6;0.41
00662.jpg;1091;96;1130;127;6;0.42
00662.jpg;946;441;995;486;2;0.49
00662.jpg;1260;340;1272;355;1;0.42
00662.jpg;956;646;973;663;6;0.43
00663.jpg;467;584;530;641;5;0.53
00663.jpg;846;357;876;381;5;0.42
00663.jpg;840;307;895;364;5;0.67
00663.jpg;941;525;972;552;4;0.57
00663.jpg;914;526;941;555;4;0.57
00663.jpg;1324;516;1359;547;6;0.41
00663.jpg;916;553;973;610;2;0.61
00663.jpg;455;541;512;604;4;0.64
00663.jpg;854;368;884;392;2;0.47
00663.jpg;835;540;889;603;4;0.54
00663.jpg;791;550;833;592;1;0.63
00663.jpg;509;548;563;596;1;0.69
00664.jpg;795;360;822;384;6;0.4
00664.jpg;850;437;879;468;1;0.69
00665.jpg;68;734;89;752;6;0.45
00665.jpg;912;658;929;674;2;0.46
00665.jpg;956;623;986;650;1;0.43
00665.jpg;558;472;576;490;1;0.62
00665.jpg;697;417;738;454;2;0.67
00665.jpg;1308;585;1338;615;6;0.43
00666.jpg;2;484;59;553;2;0.52
00666.jpg;744;99;766;118;6;0.41
00666.jpg;112;511;143;537;4;0.41
00667.jpg;133;237;154;261;2;0.48
00667.jpg;181;209;211;233;2;0.5
00667.jpg;883;190;942;242;6;0.47
00667.jpg;897;71;926;95;6;0.45
00667.jpg;817;43;841;67;6;0.52
00667.jpg;1198;22;1213;41;6;0.4
00667.jpg;1025;512;1046;536;6;0.44
00667.jpg;896;518;916;542;6;0.46
00667.jpg;1262;380;1278;399;6;0.47
00667.jpg;1253;470;1269;489;6;0.45
00667.jpg;1217;562;1238;582;6;0.47
00667.jpg;84;20;105;46;6;0.51
00667.jpg;98;38;123;60;6;0.51
00667.jpg;52;35;97;77;6;0.42
00667.jpg;956;697;973;716;6;0.45
00667.jpg;739;447;762;469;1;0.52
00667.jpg;1283;7;1302;27;6;0.5
00667.jpg;1239;0;1265;20;6;0.42
00667.jpg;1254;7;1275;31;6;0.43
00667.jpg;775;53;786;67;6;0.49
00667.jpg;1149;236;1168;255;6;0.45
00667.jpg;1159;79;1184;101;6;0.43
00667.jpg;1145;68;1169;92;6;0.5
00667.jpg;982;216;1015;250;6;0.41
00667.jpg;903;229;933;265;6;0.42
00668.jpg;97;88;116;112;6;0.4
00668.jpg;417;418;562;563;6;0.4
00668.jpg;88;163;112;187;6;0.46
00668.jpg;927;312;963;342;6;0.42
00668.jpg;1081;252;1171;340;1;0.63
00668.jpg;9;159;30;177;6;0.51
00668.jpg;41;151;60;168;6;0.44
00668.jpg;95;68;134;101;6;0.41
00668.jpg;83;13;107;32;6;0.45
00668.jpg;50;168;67;187;6;0.42
00668.jpg;67;44;94;68;6;0.52
00669.jpg;897;386;948;448;4;0.42
00670.jpg;500;472;557;521;6;0.43
00670.jpg;608;562;623;577;5;0.47
00670.jpg;186;36;210;57;6;0.4
00670.jpg;997;303;1064;372;1;0.61
00670.jpg;165;130;192;159;6;0.4
00670.jpg;606;520;650;567;3;0.52
00670.jpg;144;26;181;61;6;0.47
00670.jpg;128;96;163;131;6;0.4
00670.jpg;180;174;198;189;6;0.42
00670.jpg;91;202;108;224;6;0.41
00670.jpg;92;21;146;81;6;0.46
00670.jpg;70;299;90;317;6;0.4
00670.jpg;74;134;109;178;6;0.42
00670.jpg;89;65;104;84;6;0.45
00671.jpg;846;393;881;428;1;0.59
00671.jpg;44;243;70;269;6;0.46
00671.jpg;843;352;888;392;2;0.54
00671.jpg;1;1;31;31;6;0.43
00672.jpg;726;450;815;539;2;0.42
00672.jpg;745;534;775;558;5;0.42
00672.jpg;870;519;905;551;3;0.53
00672.jpg;918;536;933;553;4;0.5
00672.jpg;809;504;826;523;5;0.47
00672.jpg;179;558;203;582;6;0.41
00672.jpg;863;542;890;566;1;0.46
00672.jpg;761;545;791;569;1;0.44
00672.jpg;522;537;541;552;6;0.51
00672.jpg;841;500;871;524;5;0.47
00672.jpg;126;267;189;319;5;0.4
00672.jpg;115;337;139;361;1;0.47
00672.jpg;140;334;164;358;3;0.59
00672.jpg;508;72;529;96;4;0.61
00672.jpg;12;77;30;94;6;0.41
00673.jpg;0;356;38;405;6;0.52
00673.jpg;497;551;521;580;6;0.45
00673.jpg;545;554;575;590;6;0.43
00673.jpg;434;451;470;487;5;0.5
00673.jpg;650;509;812;683;2;0.46
00673.jpg;513;294;612;384;4;0.59
00673.jpg;571;471;586;487;2;0.41
00673.jpg;506;432;525;451;4;0.41
00673.jpg;806;337;827;361;6;0.4
00673.jpg;1061;31;1117;79;6;0.42
00673.jpg;14;449;31;469;6;0.45
00673.jpg;932;115;957;142;6;0.47
00673.jpg;833;165;855;192;6;0.45
00673.jpg;1066;140;1108;176;6;0.42
00673.jpg;932;394;961;418;6;0.43
00673.jpg;439;302;505;365;2;0.43
00673.jpg;476;320;536;374;3;0.46
00673.jpg;446;364;482;393;5;0.46
00673.jpg;422;354;443;378;1;0.47
00673.jpg;308;429;337;458;4;0.4
00673.jpg;448;507;461;520;6;0.43
00673.jpg;418;410;472;458;2;0.72
00673.jpg;499;404;535;440;5;0.48
00673.jpg;1086;609;1107;631;6;0.48
00673.jpg;1107;572;1164;629;6;0.42
00673.jpg;1301;600;1336;643;6;0.47
00673.jpg;1020;570;1037;585;6;0.47
00673.jpg;921;572;942;594;6;0.57
00673.jpg;1120;639;1145;660;6;0.54
00673.jpg;922;594;940;612;6;0.44
00673.jpg;872;556;905;585;6;0.46
00673.jpg;963;594;990;621;6;0.47
00674.jpg;223;593;247;617;6;0.42
00674.jpg;729;593;758;619;5;0.41
00674.jpg;373;543;400;569;6;0.42
00674.jpg;1006;147;1069;218;6;0.46
00674.jpg;710;369;757;416;5;0.47
00674.jpg;623;548;701;626;4;0.53
00674.jpg;747;516;780;555;1;0.47
00674.jpg;436;565;482;609;4;0.43
00675.jpg;70;44;106;80;6;0.43
00675.jpg;1311;757;1338;784;5;0.44
00675.jpg;597;418;627;445;2;0.47
00675.jpg;611;447;689;531;5;0.42
00675.jpg;717;449;780;506;5;0.42
00675.jpg;657;389;672;406;5;0.51
00675.jpg;683;306;704;327;2;0.44
00675.jpg;638;500;677;539;6;0.8
00675.jpg;669;395;708;434;6;0.68
00675.jpg;429;471;447;489;6;0.65
00675.jpg;943;396;979;435;6;0.61
00675.jpg;1010;389;1039;416;5;0.45
00675.jpg;1330;64;1354;83;6;0.42
00675.jpg;574;439;600;470;5;0.42
00675.jpg;697;449;718;473;5;0.43
00676.jpg;63;625;87;644;5;0.42
00676.jpg;1175;543;1195;568;5;0.4
00676.jpg;1047;539;1064;556;4;0.45
00676.jpg;940;433;967;463;5;0.44
00676.jpg;1302;24;1335;53;6;0.41
00676.jpg;905;541;931;564;3;0.56
00676.jpg;1304;523;1330;547;6;0.5
00676.jpg;1215;446;1275;499;4;0.45
00676.jpg;1334;55;1358;82;6;0.42
00676.jpg;632;529;654;551;3;0.44
00676.jpg;698;409;715;423;3;0.4
00676.jpg;695;515;726;550;4;0.41
00676.jpg;658;498;677;516;4;0.42
00676.jpg;1306;7;1336;40;6;0.44
00676.jpg;1207;27;1234;49;6;0.41
00676.jpg;985;510;1000;526;6;0.41
00676.jpg;1153;517;1176;538;6;0.53
00676.jpg;917;235;936;257;4;0.45
00676.jpg;958;102;970;117;5;0.41
00676.jpg;1181;517;1199;538;6;0.52
00677.jpg;1088;391;1136;444;6;0.55
00677.jpg;778;505;817;553;2;0.41
00677.jpg;528;485;543;501;6;0.45
00677.jpg;19;423;48;447;6;0.44
00677.jpg;568;344;591;367;4;0.45
00677.jpg;568;416;591;439;4;0.46
00677.jpg;642;536;672;569;3;0.63
00677.jpg;762;536;793;567;3;0.64
00677.jpg;1281;381;1320;418;6;0.42
00677.jpg;1164;393;1188;422;6;0.41
00677.jpg;1101;470;1134;509;6;0.47
00677.jpg;1163;460;1214;508;6;0.44
00678.jpg;270;778;292;797;6;0.54
00678.jpg;699;400;752;451;5;0.46
00679.jpg;335;514;353;532;6;0.42
00679.jpg;715;400;760;453;6;0.67
00679.jpg;702;340;769;407;3;0.88
00679.jpg;628;510;652;539;6;0.51
00679.jpg;112;160;142;190;1;0.55
00679.jpg;210;239;240;269;1;0.44
00679.jpg;91;223;117;254;1;0.44
00679.jpg;1149;328;1359;541;6;0.42
00679.jpg;776;261;1006;522;6;0.47
00679.jpg;584;515;602;539;6;0.48
00679.jpg;386;477;399;493;6;0.45
00680.jpg;69;338;109;376;1;0.44
00680.jpg;188;410;207;432;5;0.45
00680.jpg;155;269;179;299;5;0.43
00680.jpg;26;340;45;355;4;0.5
00680.jpg;364;437;395;468;6;0.69
00680.jpg;154;185;169;202;2;0.5
00680.jpg;187;193;206;210;3;0.46
00680.jpg;54;379;77;398;5;0.4
00680.jpg;100;260;117;275;1;0.45
00680.jpg;90;471;122;507;3;0.45
00680.jpg;168;227;195;251;2;0.43
00680.jpg;901;394;954;447;1;0.83
00680.jpg;120;247;146;273;2;0.43
00680.jpg;243;499;276;530;2;0.43
00680.jpg;144;278;170;304;2;0.45
00680.jpg;201;505;227;536;4;0.62
00680.jpg;170;492;185;511;2;0.54
00680.jpg;168;353;183;366;1;0.42
00681.jpg;823;433;846;459;1;0.75
00681.jpg;821;402;842;426;6;0.49
00681.jpg;9;484;42;513;5;0.57
00681.jpg;98;501;119;525;2;0.53
00682.jpg;85;431;114;460;6;0.41
00682.jpg;256;488;289;518;6;0.62
00682.jpg;274;421;321;468;6;0.72
00682.jpg;282;376;306;400;6;0.4
00682.jpg;264;544;283;561;4;0.4
00682.jpg;895;353;912;369;4;0.63
00682.jpg;885;422;929;466;6;0.77
00682.jpg;625;493;644;508;6;0.57
00682.jpg;262;526;295;559;4;0.47
00682.jpg;266;507;292;538;4;0.43
00683.jpg;430;450;451;474;6;0.47
00683.jpg;889;450;913;474;1;0.68
00683.jpg;386;453;410;477;1;0.69
00684.jpg;789;465;882;543;4;0.54
00685.jpg;761;469;777;489;6;0.47
00685.jpg;608;585;665;640;4;0.42
00685.jpg;818;638;845;665;5;0.45
00685.jpg;644;554;698;602;2;0.4
00685.jpg;663;585;702;624;3;0.61
00685.jpg;696;607;717;625;3;0.64
00685.jpg;612;505;660;553;6;0.88
00685.jpg;843;604;867;624;3;0.61
00685.jpg;868;584;899;623;4;0.67
00685.jpg;622;552;653;585;1;0.56
00685.jpg;984;504;1026;552;5;0.53
00685.jpg;1044;584;1061;599;3;0.53
00685.jpg;174;560;191;578;4;0.42
00686.jpg;583;478;614;509;6;0.43
00686.jpg;447;630;471;654;3;0.59
00686.jpg;600;456;624;480;5;0.48
00686.jpg;398;512;429;543;4;0.5
00686.jpg;377;436;413;472;1;0.79
00686.jpg;604;571;628;590;5;0.52
00688.jpg;2;614;197;783;6;0.4
00688.jpg;4;580;57;644;4;0.53
00688.jpg;1197;2;1345;128;6;0.42
00688.jpg;916;524;1067;707;6;0.54
00688.jpg;124;327;143;348;6;0.53
00688.jpg;849;408;885;447;3;0.75
00688.jpg;269;399;304;441;6;0.4
00688.jpg;214;395;245;426;4;0.44
00688.jpg;401;428;432;459;4;0.72
00688.jpg;544;586;565;607;3;0.63
00688.jpg;741;359;771;389;6;0.41
00689.jpg;0;578;14;595;6;0.4
00689.jpg;593;491;619;514;2;0.73
00689.jpg;569;583;593;607;4;0.57
00689.jpg;733;575;755;602;4;0.63
00689.jpg;815;593;906;674;4;0.51
00689.jpg;1222;578;1357;698;5;0.51
00689.jpg;1115;581;1136;602;3;0.64
00689.jpg;1228;537;1276;591;2;0.52
00689.jpg;845;537;875;573;2;0.56
00689.jpg;36;139;73;180;6;0.47
00689.jpg;962;556;979;573;2;0.57
00689.jpg;717;575;741;602;2;0.59
00689.jpg;444;580;457;591;5;0.45
00689.jpg;576;576;606;603;2;0.64
00689.jpg;889;486;919;513;2;0.69
00689.jpg;89;219;125;249;2;0.42
00689.jpg;463;595;484;621;5;0.43
00689.jpg;45;568;67;595;6;0.56
00690.jpg;775;505;799;529;1;0.76
00691.jpg;468;491;489;509;1;0.67
00691.jpg;885;489;913;513;4;0.49
00692.jpg;240;486;264;509;6;0.47
00692.jpg;393;538;432;583;4;0.7
00692.jpg;1049;421;1096;468;6;0.73
00692.jpg;1320;746;1337;760;6;0.41
00692.jpg;1049;356;1091;398;1;0.76
00693.jpg;422;530;440;554;3;0.57
00693.jpg;1011;739;1034;758;6;0.45
00693.jpg;496;647;535;682;6;0.49
00693.jpg;461;722;478;739;6;0.41
00693.jpg;426;716;461;745;6;0.42
00693.jpg;456;740;482;763;6;0.44
00693.jpg;400;739;448;787;6;0.52
00693.jpg;380;688;398;705;6;0.41
00693.jpg;902;703;919;718;6;0.48
00693.jpg;575;530;599;554;4;0.47
00693.jpg;985;385;1022;418;1;0.45
00693.jpg;565;530;583;548;4;0.46
00693.jpg;903;770;934;796;6;0.5
00693.jpg;804;768;834;792;6;0.55
00693.jpg;433;529;451;544;3;0.59
00693.jpg;668;766;691;785;6;0.58
00693.jpg;680;750;725;798;6;0.41
00693.jpg;1185;755;1204;772;6;0.55
00694.jpg;268;400;292;426;3;0.53
00694.jpg;271;422;295;441;5;0.54
00694.jpg;2;319;74;399;6;0.43
00694.jpg;695;376;721;397;4;0.42
00694.jpg;745;440;829;533;4;0.44
00694.jpg;904;468;953;525;4;0.42
00694.jpg;1284;548;1335;593;5;0.42
00694.jpg;1240;450;1267;474;6;0.42
00694.jpg;772;407;795;428;2;0.55
00694.jpg;1292;486;1316;510;6;0.42
00694.jpg;1158;332;1197;371;1;0.56
00694.jpg;1024;475;1041;492;6;0.45
00694.jpg;1148;496;1169;511;6;0.44
00694.jpg;271;560;292;578;6;0.49
00694.jpg;974;163;996;182;6;0.51
00694.jpg;1235;416;1266;449;6;0.49
00694.jpg;36;429;156;556;6;0.41
00695.jpg;897;460;996;571;6;0.48
00695.jpg;1334;344;1357;365;5;0.5
00695.jpg;1036;345;1069;382;4;0.43
00695.jpg;1155;468;1170;483;1;0.42
00695.jpg;1083;522;1108;543;3;0.45
00695.jpg;933;415;951;432;6;0.43
00695.jpg;1165;492;1189;516;6;0.6
00695.jpg;1233;412;1272;445;3;0.47
00695.jpg;1187;534;1200;545;6;0.45
00695.jpg;1190;486;1203;499;3;0.52
00696.jpg;519;533;542;552;3;0.5
00696.jpg;1265;517;1282;534;5;0.51
00696.jpg;982;229;1019;260;1;0.44
00696.jpg;833;217;896;274;4;0.46
00696.jpg;6;436;24;451;6;0.49
00696.jpg;858;316;981;433;1;0.46
00696.jpg;1129;309;1186;362;6;0.42
00696.jpg;731;402;742;416;6;0.44
00696.jpg;807;495;824;512;1;0.46
00696.jpg;1225;488;1264;525;2;0.53
00696.jpg;1252;445;1318;508;2;0.56
00696.jpg;717;446;735;464;1;0.63
00696.jpg;119;384;136;402;6;0.42
00696.jpg;1214;354;1230;374;6;0.47
00697.jpg;592;310;625;339;2;0.52
00697.jpg;992;525;1009;543;2;0.42
00697.jpg;793;388;810;403;6;0.45
00697.jpg;756;491;795;522;4;0.51
00697.jpg;957;385;981;406;5;0.47
00697.jpg;694;484;708;500;4;0.43
00697.jpg;662;479;698;509;4;0.4
00697.jpg;612;384;654;426;4;0.42
00697.jpg;1010;484;1057;531;6;0.44
00697.jpg;943;325;1021;391;2;0.8
00697.jpg;1265;76;1285;101;4;0.55
00697.jpg;1216;32;1245;56;6;0.41
00697.jpg;1242;179;1271;210;6;0.43
00697.jpg;1033;348;1052;363;1;0.48
00697.jpg;1271;322;1295;343;6;0.53
00698.jpg;35;470;54;485;6;0.46
00698.jpg;38;542;52;556;6;0.44
00698.jpg;245;481;266;499;2;0.54
00698.jpg;905;495;926;510;6;0.42
00698.jpg;812;365;829;387;4;0.41
00698.jpg;759;497;773;514;6;0.4
00698.jpg;681;490;712;527;6;0.45
00698.jpg;330;483;343;496;6;0.46
00698.jpg;237;385;261;415;6;0.45
00698.jpg;251;404;275;428;4;0.4
00698.jpg;737;413;764;440;1;0.77
00698.jpg;797;486;811;502;2;0.59
00698.jpg;339;402;357;419;6;0.4
00698.jpg;856;154;874;172;2;0.44
00699.jpg;129;457;159;484;6;0.4
00699.jpg;993;318;1017;340;5;0.51
00699.jpg;629;443;648;458;5;0.45
00699.jpg;113;398;154;437;6;0.47
00699.jpg;616;430;635;445;2;0.53
00699.jpg;634;432;648;445;2;0.49
00699.jpg;115;328;155;369;6;0.5
00699.jpg;728;414;754;445;1;0.79
00699.jpg;889;311;908;329;5;0.41
00699.jpg;908;266;932;290;1;0.44
00699.jpg;952;279;972;301;3;0.45
00699.jpg;964;176;983;198;5;0.47
00700.jpg;162;402;186;426;2;0.46
00700.jpg;217;560;241;589;5;0.46
00700.jpg;226;574;289;626;5;0.41
00700.jpg;689;474;731;510;2;0.46
00700.jpg;943;644;1000;696;4;0.42
00700.jpg;847;347;913;404;5;0.71
00700.jpg;981;444;998;463;6;0.47
00700.jpg;661;548;682;566;5;0.47
00700.jpg;1103;126;1124;149;1;0.5
00701.jpg;795;482;837;518;2;0.44
00701.jpg;1040;394;1088;442;1;0.79
00703.jpg;621;345;645;372;3;0.45
00703.jpg;999;359;1041;404;1;0.75
00703.jpg;993;315;1050;363;2;0.79
00704.jpg;990;222;1005;241;4;0.64
00704.jpg;990;124;1009;143;4;0.45
00704.jpg;986;103;1003;122;1;0.42
00704.jpg;363;361;378;376;4;0.41
00704.jpg;1040;316;1196;501;5;0.47
00704.jpg;1107;224;1314;401;1;0.51
00704.jpg;1209;322;1348;449;1;0.47
00704.jpg;768;412;791;438;1;0.82
00704.jpg;1039;509;1054;526;6;0.49
00704.jpg;1141;441;1224;542;6;0.41
00704.jpg;1025;594;1058;631;6;0.42
00705.jpg;902;500;919;517;2;0.58
00705.jpg;914;474;956;522;6;0.42
00705.jpg;1268;199;1331;271;6;0.66
00705.jpg;952;342;991;378;1;0.68
00705.jpg;1097;514;1145;553;6;0.42
00705.jpg;1163;442;1240;505;6;0.47
00705.jpg;264;406;282;421;6;0.43
00706.jpg;2;386;25;409;2;0.57
00706.jpg;1169;364;1218;421;2;0.45
00706.jpg;1138;554;1163;581;6;0.47
00706.jpg;1164;147;1212;198;5;0.42
00706.jpg;1257;352;1296;388;2;0.44
00706.jpg;994;451;1045;500;6;0.52
00706.jpg;1252;117;1278;138;2;0.58
00706.jpg;1095;179;1152;245;1;0.41
00706.jpg;1342;154;1357;168;6;0.4
00706.jpg;0;311;20;332;5;0.49
00706.jpg;1270;15;1356;120;6;0.47
00706.jpg;125;300;215;378;1;0.47
00706.jpg;662;498;680;522;3;0.61
00706.jpg;1072;521;1093;542;6;0.43
00706.jpg;32;298;42;309;2;0.43
00706.jpg;1142;518;1193;566;6;0.43
00706.jpg;1245;225;1292;266;5;0.46
00707.jpg;189;440;214;464;1;0.4
00707.jpg;907;381;944;419;1;0.43
00707.jpg;415;490;439;514;6;0.44
00709.jpg;1319;651;1343;675;2;0.43
00709.jpg;817;751;847;778;4;0.44
00709.jpg;817;718;846;742;3;0.42
00709.jpg;645;726;682;757;4;0.44
00710.jpg;68;406;99;439;3;0.47
00710.jpg;748;764;783;795;6;0.45
00710.jpg;794;688;817;707;6;0.48
00710.jpg;555;752;577;769;6;0.44
00710.jpg;814;730;850;760;6;0.47
00710.jpg;675;738;699;762;6;0.44
00710.jpg;1082;199;1166;283;1;0.78
00711.jpg;1118;268;1161;316;1;0.41
00711.jpg;682;527;721;571;4;0.58
00711.jpg;1029;128;1048;143;1;0.41
00711.jpg;1259;422;1277;440;6;0.57
00712.jpg;523;127;537;139;4;0.41
00712.jpg;73;485;112;515;6;0.49
00712.jpg;931;360;985;414;1;0.82
00713.jpg;154;454;170;472;4;0.76
00713.jpg;615;749;634;768;6;0.4
00713.jpg;210;384;228;402;4;0.67
00713.jpg;370;414;400;438;2;0.5
00713.jpg;1063;643;1093;667;6;0.41
00713.jpg;804;262;823;277;1;0.44
00714.jpg;190;498;232;534;5;0.47
00714.jpg;84;340;168;409;1;0.43
00714.jpg;752;473;769;494;4;0.41
00714.jpg;1172;687;1186;701;6;0.49
00714.jpg;783;312;827;356;1;0.75
00714.jpg;1294;504;1318;525;6;0.47
00714.jpg;251;442;273;468;1;0.42
00714.jpg;175;366;207;398;2;0.46
00714.jpg;1170;665;1196;696;6;0.5
00715.jpg;445;445;484;487;4;0.5
00715.jpg;733;440;752;457;3;0.46
00715.jpg;274;346;352;418;6;0.7
00715.jpg;195;441;219;465;6;0.44
00715.jpg;1086;209;1171;306;6;0.69
00715.jpg;1096;103;1110;115;6;0.47
00715.jpg;336;483;383;535;6;0.43
00715.jpg;670;537;694;561;6;0.48
00715.jpg;43;393;96;442;6;0.46
00715.jpg;495;540;522;563;6;0.54
00715.jpg;849;466;876;490;3;0.5
00716.jpg;55;85;75;109;2;0.42
00716.jpg;174;540;195;560;3;0.53
00716.jpg;783;371;796;388;2;0.49
00716.jpg;749;728;764;743;6;0.43
00716.jpg;1246;2;1357;126;6;0.41
00716.jpg;804;665;837;692;6;0.42
00716.jpg;819;333;870;387;1;0.74
00716.jpg;801;403;822;427;2;0.45
00717.jpg;838;435;859;459;1;0.75
00718.jpg;741;479;816;554;1;0.41
00718.jpg;1127;393;1154;420;5;0.42
00718.jpg;1226;561;1243;581;2;0.41
00718.jpg;818;290;885;362;6;0.44
00719.jpg;88;499;101;512;6;0.4
00719.jpg;283;530;296;546;6;0.5
00719.jpg;949;418;970;441;5;0.4
00719.jpg;967;475;988;501;6;0.53
00719.jpg;930;390;969;426;1;0.79
00720.jpg;302;478;319;500;6;0.44
00720.jpg;1147;398;1159;411;1;0.4
00720.jpg;1278;284;1357;354;6;0.45
00720.jpg;736;429;754;447;1;0.62
00720.jpg;10;372;43;411;6;0.64
00721.jpg;133;441;164;467;6;0.4
00721.jpg;1307;580;1331;604;2;0.44
00721.jpg;901;353;934;384;5;0.64
00721.jpg;957;461;987;485;6;0.6
00721.jpg;1037;523;1054;537;4;0.62
00721.jpg;1051;575;1081;611;6;0.48
00722.jpg;2;487;41;533;6;0.49
00722.jpg;46;511;69;530;6;0.48
00722.jpg;254;435;273;450;1;0.41
00722.jpg;606;442;660;508;5;0.4
00722.jpg;995;332;1048;383;2;0.57
00722.jpg;104;367;164;418;2;0.75
00723.jpg;679;392;709;418;1;0.41
00723.jpg;686;354;713;381;2;0.43
00723.jpg;519;60;537;75;3;0.49
00723.jpg;476;70;493;89;4;0.51
00723.jpg;673;23;695;50;4;0.43
00723.jpg;700;86;722;109;4;0.43
00723.jpg;670;2;684;15;4;0.45
00723.jpg;613;2;629;21;5;0.48
00723.jpg;187;491;211;509;6;0.43
00723.jpg;746;354;802;419;2;0.42
00723.jpg;781;513;803;534;5;0.41
00723.jpg;180;365;238;427;2;0.44
00723.jpg;696;425;715;444;1;0.71
00724.jpg;546;583;556;595;6;0.41
00724.jpg;509;582;522;597;6;0.46
00724.jpg;118;686;136;707;6;0.41
00724.jpg;117;676;142;705;6;0.4
00724.jpg;512;621;539;648;5;0.46
00725.jpg;366;625;413;670;3;0.52
00725.jpg;720;572;756;602;6;0.62
00726.jpg;127;545;184;593;6;0.4
00726.jpg;1168;228;1192;252;6;0.41
00726.jpg;633;545;756;649;6;0.47
00726.jpg;202;485;325;612;6;0.4
00726.jpg;783;591;802;608;6;0.43
00726.jpg;473;511;490;532;6;0.47
00726.jpg;1198;243;1213;258;6;0.41
00726.jpg;328;538;381;591;6;0.42
00726.jpg;180;574;208;605;6;0.54
00726.jpg;475;530;505;566;6;0.42
00726.jpg;517;550;554;589;6;0.41
00726.jpg;144;564;177;600;6;0.44
00726.jpg;422;533;474;585;6;0.49
00726.jpg;1230;336;1247;353;6;0.41
00726.jpg;156;490;205;543;6;0.46
00726.jpg;1198;224;1215;243;6;0.42
00726.jpg;59;564;86;591;6;0.44
00726.jpg;1188;393;1217;422;6;0.43
00726.jpg;136;593;175;641;6;0.47
00726.jpg;1061;572;1132;660;6;0.43
00727.jpg;1325;280;1358;319;6;0.47
00728.jpg;89;131;122;161;1;0.43
00728.jpg;10;134;40;164;1;0.47
00728.jpg;34;130;64;160;1;0.44
00728.jpg;291;155;310;171;1;0.4
00728.jpg;481;563;494;578;6;0.41
00728.jpg;229;555;252;574;5;0.51
00728.jpg;83;552;108;576;6;0.42
00728.jpg;249;572;282;605;6;0.46
00728.jpg;442;573;464;600;6;0.45
00728.jpg;785;410;802;425;6;0.44
00728.jpg;499;566;529;596;2;0.56
00728.jpg;1146;416;1195;457;6;0.44
00728.jpg;1235;393;1254;417;6;0.41
00728.jpg;1219;523;1236;542;6;0.43
00729.jpg;1270;719;1294;740;6;0.44
00729.jpg;535;489;568;522;1;0.66
00729.jpg;931;576;943;586;6;0.44
00729.jpg;1333;341;1346;356;6;0.41
00729.jpg;644;569;659;582;6;0.43
00729.jpg;1153;389;1177;413;6;0.42
00729.jpg;1123;402;1147;431;6;0.4
00729.jpg;470;505;487;522;2;0.41
00729.jpg;1033;520;1045;530;6;0.43
00729.jpg;844;549;873;573;6;0.41
00729.jpg;1014;564;1027;578;1;0.41
00730.jpg;16;570;34;591;6;0.52
00730.jpg;470;601;494;625;6;0.41
00730.jpg;190;315;217;344;6;0.41
00730.jpg;977;228;1001;252;6;0.4
00730.jpg;17;20;79;86;6;0.41
00730.jpg;311;284;341;308;6;0.49
00730.jpg;122;85;200;168;6;0.43
00730.jpg;432;355;462;379;6;0.42
00730.jpg;149;220;175;249;6;0.47
00730.jpg;441;383;471;413;6;0.42
00730.jpg;455;406;476;421;6;0.43
00730.jpg;197;293;218;314;6;0.41
00730.jpg;93;321;129;360;6;0.41
00730.jpg;186;338;207;359;6;0.43
00730.jpg;60;315;89;342;6;0.43
00730.jpg;59;252;131;312;6;0.42
00730.jpg;464;441;512;489;1;0.6
00730.jpg;354;585;373;609;2;0.46
00730.jpg;143;623;173;653;6;0.46
00730.jpg;1052;520;1083;547;1;0.62
00730.jpg;1189;677;1210;694;6;0.43
00730.jpg;1328;428;1347;447;6;0.41
00731.jpg;1166;575;1192;596;1;0.42
00731.jpg;1184;179;1199;194;6;0.41
00731.jpg;1206;152;1225;173;6;0.41
00731.jpg;1163;325;1178;343;6;0.48
00731.jpg;498;133;517;152;6;0.58
00731.jpg;467;208;481;224;6;0.42
00731.jpg;1121;287;1134;302;6;0.42
00731.jpg;1093;221;1126;254;6;0.5
00731.jpg;1267;217;1285;235;6;0.47
00731.jpg;511;438;537;461;6;0.4
00731.jpg;1192;175;1223;208;6;0.43
00731.jpg;1150;259;1189;300;6;0.46
00731.jpg;1153;203;1180;227;6;0.44
00731.jpg;1116;173;1147;208;6;0.47
00731.jpg;1121;193;1151;229;6;0.42
00731.jpg;1325;429;1356;464;3;0.45
00732.jpg;959;541;978;562;6;0.55
00732.jpg;1038;482;1052;496;6;0.42
00732.jpg;1107;488;1126;507;6;0.53
00732.jpg;1265;197;1316;242;6;0.47
00732.jpg;1309;341;1333;365;6;0.48
00732.jpg;1295;287;1349;344;6;0.42
00732.jpg;973;589;994;610;6;0.41
00732.jpg;1251;102;1278;130;6;0.41
00732.jpg;1160;136;1190;169;6;0.4
00732.jpg;1056;292;1075;314;6;0.42
00732.jpg;1038;315;1055;332;6;0.47
00732.jpg;1026;301;1039;318;6;0.43
00732.jpg;752;597;771;619;6;0.48
00732.jpg;1309;172;1347;218;6;0.43
00732.jpg;1173;289;1197;316;6;0.41
00732.jpg;1167;264;1196;295;6;0.42
00732.jpg;1216;285;1294;363;6;0.43
00732.jpg;1140;339;1164;357;6;0.5
00732.jpg;1276;248;1305;275;6;0.45
00732.jpg;1247;190;1266;207;6;0.49
00732.jpg;965;527;991;553;6;0.47
00732.jpg;1283;266;1311;293;6;0.43
00732.jpg;59;298;80;317;6;0.4
00732.jpg;919;533;932;546;6;0.43
00732.jpg;1155;357;1172;376;1;0.4
00732.jpg;1148;500;1165;517;6;0.44
00732.jpg;1334;247;1351;269;6;0.46
00732.jpg;1150;469;1174;495;6;0.4
00732.jpg;1223;510;1236;522;6;0.52
00732.jpg;1323;354;1358;389;6;0.42
00732.jpg;89;476;119;506;6;0.45
00733.jpg;279;478;346;556;6;0.52
00733.jpg;501;486;558;557;6;0.49
00733.jpg;549;562;597;616;6;0.41
00733.jpg;437;585;485;633;6;0.6
00733.jpg;1326;269;1357;300;6;0.41
00733.jpg;1264;35;1357;144;6;0.42
00733.jpg;1235;74;1265;104;6;0.4
00733.jpg;1189;138;1228;168;6;0.42
00733.jpg;1085;631;1116;662;6;0.45
00733.jpg;1188;69;1236;117;6;0.44
00733.jpg;937;523;964;550;1;0.63
00733.jpg;117;235;135;259;6;0.42
00733.jpg;1115;62;1139;81;6;0.42
00733.jpg;1145;25;1181;66;6;0.43
00733.jpg;550;616;571;636;6;0.47
00733.jpg;1140;66;1155;85;6;0.49
00733.jpg;1191;564;1228;595;6;0.49
00733.jpg;1080;93;1117;137;6;0.48
00733.jpg;888;543;975;639;6;0.43
00733.jpg;69;297;85;312;6;0.43
00733.jpg;507;425;543;461;1;0.54
00733.jpg;1121;87;1145;111;6;0.4
00733.jpg;1142;84;1159;101;6;0.51
00733.jpg;68;318;157;422;6;0.42
00733.jpg;1231;143;1246;156;6;0.42
00733.jpg;221;370;245;394;6;0.41
00733.jpg;1192;106;1209;123;6;0.5
00733.jpg;1238;109;1262;133;6;0.49
00733.jpg;1127;220;1139;234;6;0.45
00733.jpg;1194;172;1211;193;6;0.42
00733.jpg;1160;211;1189;238;6;0.49
00733.jpg;1120;192;1144;221;6;0.4
00733.jpg;1234;221;1265;248;6;0.55
00733.jpg;1099;217;1120;236;6;0.45
00733.jpg;1233;243;1257;262;6;0.41
00733.jpg;1205;235;1231;264;6;0.46
00733.jpg;1098;613;1110;626;6;0.53
00733.jpg;67;520;158;621;6;0.45
00733.jpg;1154;379;1169;392;6;0.44
00733.jpg;167;448;191;478;6;0.47
00733.jpg;145;466;169;493;6;0.43
00733.jpg;1205;331;1229;360;6;0.42
00733.jpg;1308;254;1326;275;6;0.4
00733.jpg;1304;216;1340;255;6;0.43
00733.jpg;1222;526;1233;539;6;0.49
00733.jpg;1205;294;1228;315;6;0.46
00733.jpg;57;364;75;379;6;0.41
00733.jpg;1328;395;1348;419;6;0.46
00733.jpg;1310;275;1334;299;6;0.41
00733.jpg;1298;333;1325;357;6;0.41
00734.jpg;982;605;1003;629;6;0.41
00734.jpg;1089;449;1167;527;1;0.41
00735.jpg;6;539;25;558;5;0.46
00735.jpg;150;554;174;581;2;0.51
00735.jpg;1185;164;1209;187;6;0.4
00735.jpg;1159;38;1185;69;6;0.4
00735.jpg;1061;125;1079;146;6;0.4
00735.jpg;214;604;231;617;5;0.43
00735.jpg;1256;62;1270;78;6;0.45
00735.jpg;1193;191;1212;210;6;0.4
00735.jpg;1165;180;1196;211;6;0.4
00735.jpg;1165;248;1176;261;6;0.41
00735.jpg;1270;543;1291;565;4;0.51
00736.jpg;104;453;141;484;6;0.4
00736.jpg;313;628;343;652;6;0.45
00736.jpg;527;626;548;644;6;0.41
00736.jpg;579;549;622;601;6;0.42
00736.jpg;243;511;266;537;6;0.46
00736.jpg;1227;594;1305;657;6;0.43
00736.jpg;1275;116;1290;135;6;0.52
00736.jpg;1027;401;1040;416;1;0.44
00736.jpg;215;506;241;535;6;0.54
00736.jpg;190;514;214;533;6;0.41
00736.jpg;112;200;136;218;6;0.48
00736.jpg;541;418;588;463;6;0.41
00736.jpg;137;386;191;440;6;0.44
00736.jpg;111;416;132;435;6;0.58
00736.jpg;160;174;187;204;6;0.54
00736.jpg;145;169;162;186;6;0.52
00736.jpg;210;136;233;162;6;0.54
00736.jpg;389;236;488;329;6;0.48
00736.jpg;357;155;461;274;6;0.44
00736.jpg;303;110;363;164;6;0.42
00736.jpg;259;165;288;192;6;0.56
00736.jpg;311;159;337;190;6;0.56
00736.jpg;186;171;210;200;6;0.52
00736.jpg;318;336;345;360;6;0.46
00736.jpg;264;402;293;433;6;0.46
00736.jpg;346;379;376;409;6;0.42
00736.jpg;213;388;237;415;6;0.52
00736.jpg;126;341;141;356;6;0.49
00736.jpg;822;537;837;554;4;0.43
00736.jpg;317;266;344;293;6;0.44
00736.jpg;214;330;235;351;6;0.48
00736.jpg;1262;12;1359;131;6;0.51
00736.jpg;694;541;710;555;6;0.41
00736.jpg;343;473;367;497;6;0.44
00736.jpg;1077;171;1090;186;6;0.41
00736.jpg;1054;305;1078;326;6;0.44
00736.jpg;1079;146;1094;165;6;0.44
00736.jpg;79;182;115;224;6;0.47
00736.jpg;210;170;246;212;6;0.42
00736.jpg;235;168;271;210;6;0.45
00736.jpg;829;551;853;575;2;0.56
00736.jpg;215;538;235;557;6;0.4
00736.jpg;562;499;581;521;6;0.46
00736.jpg;1089;373;1122;406;6;0.41
00736.jpg;1251;312;1314;387;6;0.53
00736.jpg;1043;412;1151;511;6;0.4
00736.jpg;1296;458;1326;491;6;0.4
00736.jpg;970;611;991;632;2;0.57
00736.jpg;1200;75;1234;115;6;0.49
00736.jpg;1186;157;1222;193;6;0.44
00736.jpg;1232;401;1286;451;6;0.5
00736.jpg;1165;428;1204;470;6;0.51
00736.jpg;1202;414;1250;462;6;0.5
00736.jpg;385;619;402;634;1;0.41
00736.jpg;1219;184;1236;201;1;0.4
00736.jpg;57;408;96;456;1;0.44
00736.jpg;1232;561;1259;592;6;0.41
00736.jpg;1231;517;1258;544;6;0.44
00736.jpg;1076;508;1107;537;6;0.47
00736.jpg;1267;727;1294;751;6;0.41
00737.jpg;309;616;324;631;2;0.57
00737.jpg;78;475;102;494;6;0.41
00737.jpg;1091;566;1112;585;6;0.48
00737.jpg;381;385;400;406;6;0.52
00737.jpg;366;353;390;383;6;0.43
00737.jpg;326;483;339;498;6;0.46
00737.jpg;323;390;338;407;6;0.4
00737.jpg;1267;80;1291;107;6;0.46
00737.jpg;700;547;748;589;6;0.42
00737.jpg;862;485;886;504;6;0.42
00737.jpg;605;445;636;471;5;0.65
00737.jpg;458;484;480;506;6;0.44
00737.jpg;556;580;589;607;6;0.45
00737.jpg;471;446;507;479;5;0.5
00737.jpg;1222;501;1243;516;6;0.43
00737.jpg;75;513;123;567;6;0.41
00737.jpg;964;442;981;459;6;0.4
00737.jpg;1176;504;1196;523;6;0.41
00737.jpg;1053;616;1080;640;3;0.42
00737.jpg;998;426;1015;443;6;0.42
00737.jpg;1017;429;1030;444;6;0.47
00737.jpg;1145;518;1169;539;6;0.42
00738.jpg;26;2;89;81;6;0.42
00738.jpg;762;513;831;585;6;0.46
00738.jpg;1170;143;1199;170;4;0.45
00738.jpg;1049;374;1091;410;2;0.41
00738.jpg;1231;149;1242;163;4;0.59
00738.jpg;1112;253;1131;272;4;0.43
00738.jpg;867;533;909;587;6;0.66
00738.jpg;552;606;582;636;6;0.59
00738.jpg;783;464;814;493;6;0.43
00738.jpg;899;345;918;364;6;0.43
00738.jpg;903;515;934;542;6;0.45
00738.jpg;846;569;864;584;6;0.52
00738.jpg;725;526;743;544;6;0.44
00738.jpg;1114;176;1207;253;6;0.4
00738.jpg;1192;181;1279;253;6;0.47
00738.jpg;1007;640;1025;658;6;0.5
00738.jpg;1125;304;1194;367;6;0.4
00738.jpg;1276;189;1347;254;6;0.55
00738.jpg;454;508;511;555;6;0.41
00738.jpg;1213;472;1227;488;6;0.49
00738.jpg;271;606;304;635;6;0.41
00738.jpg;348;393;372;417;6;0.42
00738.jpg;254;398;280;429;6;0.4
00738.jpg;226;451;301;542;6;0.4
00739.jpg;43;556;60;573;6;0.45
00739.jpg;48;400;65;417;6;0.45
00739.jpg;941;508;958;525;6;0.41
00739.jpg;1307;293;1331;314;6;0.41
00739.jpg;206;229;239;262;6;0.41
00739.jpg;74;314;93;331;6;0.42
00739.jpg;1335;343;1356;361;6;0.41
00739.jpg;54;328;71;345;6;0.43
00739.jpg;1213;635;1228;650;6;0.49
00739.jpg;1330;288;1354;312;6;0.42
00739.jpg;1268;349;1284;363;6;0.45
00739.jpg;203;298;217;314;6;0.44
00739.jpg;259;427;271;442;6;0.42
00739.jpg;209;357;226;375;6;0.52
00739.jpg;544;483;571;512;6;0.42
00739.jpg;64;392;77;406;6;0.44
00739.jpg;1042;525;1055;538;6;0.44
00739.jpg;1329;407;1358;436;6;0.45
00739.jpg;510;534;522;544;6;0.4
00739.jpg;30;421;43;436;6;0.41
00739.jpg;128;612;143;629;5;0.42
00739.jpg;1121;530;1147;559;6;0.44
00739.jpg;28;541;53;566;6;0.42
00740.jpg;461;449;482;473;6;0.42
00740.jpg;1101;521;1118;538;6;0.44
00740.jpg;330;341;344;354;6;0.41
00740.jpg;609;388;626;407;6;0.45
00740.jpg;702;612;727;634;6;0.44
00740.jpg;1161;508;1212;559;1;0.55
00740.jpg;878;460;902;484;6;0.41
00740.jpg;900;481;927;512;6;0.44
00740.jpg;488;510;534;558;1;0.69
00740.jpg;170;398;191;424;6;0.41
00741.jpg;972;555;999;580;1;0.53
00741.jpg;369;608;386;625;6;0.4
00741.jpg;1092;180;1118;208;6;0.4
00741.jpg;84;298;102;319;6;0.41
00741.jpg;51;250;70;269;6;0.46
00741.jpg;129;397;160;424;6;0.4
00741.jpg;94;362;114;387;6;0.42
00741.jpg;33;333;72;366;6;0.4
00741.jpg;42;316;69;338;6;0.42
00741.jpg;23;303;47;327;6;0.43
00741.jpg;1254;307;1271;324;6;0.43
00741.jpg;97;438;134;469;6;0.43
00741.jpg;437;559;464;583;1;0.63
00741.jpg;65;463;132;535;6;0.45
00741.jpg;43;467;60;486;6;0.48
00741.jpg;1266;611;1285;634;6;0.45
00741.jpg;1272;521;1292;539;1;0.41
00742.jpg;333;561;366;594;1;0.59
00742.jpg;1312;120;1336;150;6;0.4
00742.jpg;1284;241;1308;265;6;0.43
00742.jpg;1222;270;1271;313;6;0.43
00742.jpg;1067;602;1091;622;6;0.41
00742.jpg;962;555;994;594;1;0.47
00742.jpg;1268;621;1283;638;6;0.54
00743.jpg;118;385;136;409;6;0.41
00743.jpg;337;419;430;512;6;0.41
00743.jpg;478;416;502;440;6;0.41
00743.jpg;609;444;629;463;6;0.42
00743.jpg;122;409;144;426;6;0.42
00743.jpg;1156;498;1195;540;6;0.43
00743.jpg;448;449;463;464;6;0.42
00743.jpg;126;454;143;470;6;0.42
00744.jpg;1155;537;1182;561;5;0.56
00744.jpg;1278;232;1308;259;6;0.4
00744.jpg;102;435;119;449;6;0.41
00744.jpg;462;468;477;485;6;0.45
00745.jpg;987;431;1029;467;2;0.4
00745.jpg;1236;114;1252;133;6;0.45
00745.jpg;116;563;137;589;6;0.41
00745.jpg;724;526;776;571;6;0.66
00745.jpg;789;521;838;568;6;0.61
00745.jpg;612;597;638;623;6;0.57
00745.jpg;864;605;879;620;6;0.43
00745.jpg;1317;130;1353;166;6;0.45
00745.jpg;1245;59;1356;161;6;0.43
00745.jpg;1012;584;1033;608;4;0.47
00745.jpg;1231;148;1272;199;6;0.44
00745.jpg;1019;607;1049;631;4;0.53
00746.jpg;396;508;447;568;2;0.43
00746.jpg;405;570;441;609;2;0.44
00746.jpg;1328;204;1357;236;6;0.41
00746.jpg;233;467;281;515;1;0.65
00746.jpg;234;513;279;561;1;0.64
00746.jpg;407;557;455;599;5;0.47
00746.jpg;1259;289;1283;313;6;0.46
00746.jpg;1011;357;1035;381;6;0.43
00746.jpg;451;556;502;607;5;0.43
00746.jpg;1339;345;1354;364;6;0.44
00746.jpg;1339;361;1354;380;6;0.45
00746.jpg;1206;317;1225;341;6;0.45
00746.jpg;1300;342;1331;379;6;0.4
00746.jpg;4;512;25;536;6;0.41
00746.jpg;1135;527;1183;581;1;0.53
00746.jpg;1133;491;1181;536;1;0.76
00746.jpg;1259;425;1278;447;6;0.45
00747.jpg;197;636;210;649;6;0.42
00747.jpg;746;635;761;650;3;0.53
00747.jpg;725;637;738;650;3;0.51
00747.jpg;912;630;927;645;3;0.51
00747.jpg;891;632;904;645;3;0.59
00747.jpg;114;466;129;485;6;0.41
00747.jpg;302;491;350;542;6;0.4
00747.jpg;590;583;620;610;5;0.43
00747.jpg;1145;502;1198;555;6;0.54
00747.jpg;1137;540;1209;609;6;0.54
00747.jpg;451;592;477;613;6;0.43
00748.jpg;8;644;27;661;6;0.42
00748.jpg;81;642;99;657;6;0.45
00748.jpg;425;58;593;232;6;0.52
00748.jpg;1237;383;1254;402;6;0.41
00748.jpg;1291;440;1308;462;6;0.46
00748.jpg;1140;426;1155;439;6;0.4
00749.jpg;415;651;436;670;6;0.52
00749.jpg;1120;666;1143;687;1;0.46
00749.jpg;372;657;391;681;6;0.41
00749.jpg;778;349;928;499;6;0.64
00749.jpg;1005;665;1030;684;6;0.54
00749.jpg;838;629;856;647;4;0.57
00749.jpg;1151;545;1199;593;1;0.5
00749.jpg;299;548;347;596;1;0.44
