00602.ppm;1267;553;1300;586;1;0.73
00602.ppm;439;539;476;576;3;0.61
00602.ppm;445;545;472;572;1;0.69
00603.ppm;361;443;418;503;1;0.71
00603.ppm;367;450;411;494;2;0.53
00604.ppm;365;482;438;549;2;0.8
00606.ppm;1204;245;1285;320;6;0.57
00606.ppm;1137;335;1186;381;6;0.52
00609.ppm;809;506;842;539;1;0.8
00609.ppm;1251;9;1272;31;6;0.57
00609.ppm;812;510;838;535;1;0.5
00610.ppm;925;507;980;561;2;0.59
00611.ppm;839;488;872;521;1;0.82
00612.ppm;161;369;249;457;4;0.76
00612.ppm;821;535;851;567;2;0.66
00612.ppm;125;517;217;615;6;0.88
00612.ppm;155;550;195;590;6;0.48
00613.ppm;477;544;514;582;1;0.68
00613.ppm;1134;564;1165;594;1;0.58
00616.ppm;1208;611;1238;638;5;0.57
00619.ppm;841;414;880;453;5;0.69
00619.ppm;846;418;874;444;5;0.57
00620.ppm;1326;423;1360;456;1;0.53
00621.ppm;1125;372;1151;400;2;0.52
00621.ppm;1083;368;1267;557;2;0.53
00621.ppm;1049;462;1083;494;5;0.51
00621.ppm;1225;514;1258;550;3;0.6
00621.ppm;1126;525;1198;603;5;0.53
00622.ppm;0;431;132;560;6;0.63
00623.ppm;971;372;1034;438;1;0.69
00623.ppm;293;510;332;550;2;0.51
00623.ppm;980;380;1028;429;2;0.47
00624.ppm;385;504;435;555;6;0.89
00624.ppm;823;466;843;486;1;0.52
00625.ppm;1036;376;1103;445;1;0.76
00626.ppm;857;403;895;443;1;0.8
00626.ppm;855;441;895;481;1;0.81
00634.ppm;524;370;572;418;1;0.66
00635.ppm;825;423;865;462;1;0.78
00636.ppm;773;561;830;621;5;0.57
00636.ppm;1119;270;1155;308;2;0.54
00636.ppm;1118;244;1150;277;1;0.49
00636.ppm;1108;292;1145;329;4;0.54
00636.ppm;922;527;1043;639;3;0.66
00636.ppm;1027;422;1082;472;2;0.49
00636.ppm;1106;269;1136;299;3;0.56
00638.ppm;361;308;434;387;2;0.53
00638.ppm;123;200;165;242;5;0.48
00638.ppm;305;289;331;317;5;0.52
00638.ppm;359;390;409;439;2;0.51
00638.ppm;283;272;334;321;1;0.49
00638.ppm;1083;490;1123;529;3;0.57
00639.ppm;999;37;1023;59;5;0.5
00639.ppm;809;456;835;480;3;0.51
00639.ppm;1132;17;1165;50;2;0.49
00640.ppm;1102;350;1177;426;1;0.68
00641.ppm;22;420;72;470;4;0.72
00642.ppm;1242;68;1317;148;3;0.56
00643.ppm;1131;539;1224;632;5;0.58
00643.ppm;784;501;824;541;5;0.59
00643.ppm;1244;0;1314;74;5;0.54
00643.ppm;897;166;935;206;1;0.53
00644.ppm;869;465;897;492;1;0.5
00645.ppm;0;255;45;304;3;0.62
00645.ppm;902;159;993;243;4;0.54
00645.ppm;1006;307;1103;403;2;0.55
00645.ppm;1030;307;1092;370;1;0.76
00645.ppm;104;439;144;476;1;0.49
00645.ppm;102;434;162;491;5;0.58
00645.ppm;79;398;215;522;1;0.5
00645.ppm;1077;190;1103;217;1;0.53
00645.ppm;837;560;859;585;5;0.53
00646.ppm;1104;474;1141;513;5;0.61
00646.ppm;1102;392;1128;417;4;0.58
00646.ppm;1098;343;1173;422;2;0.55
00647.ppm;1110;385;1136;410;2;0.51
00647.ppm;1309;250;1360;304;4;0.57
00648.ppm;330;548;374;590;1;0.64
00648.ppm;998;433;1066;495;1;0.56
00648.ppm;496;311;524;339;4;0.52
00648.ppm;844;532;880;565;1;0.53
00648.ppm;324;137;345;158;1;0.61
00648.ppm;195;413;226;446;2;0.56
00648.ppm;627;128;657;156;1;0.51
00648.ppm;624;240;734;343;1;0.52
00648.ppm;647;121;780;249;2;0.54
00648.ppm;12;532;45;565;2;0.63
00648.ppm;762;352;849;445;4;0.66
00648.ppm;662;95;760;185;2;0.57
00648.ppm;643;66;769;192;2;0.55
00648.ppm;866;394;891;420;5;0.53
00648.ppm;564;506;586;531;3;0.59
00648.ppm;510;504;532;526;3;0.73
00649.ppm;1114;453;1139;478;2;0.53
00649.ppm;1177;390;1201;415;1;0.5
00649.ppm;433;426;453;445;3;0.66
00649.ppm;1249;49;1273;74;1;0.57
00649.ppm;1116;421;1153;460;4;0.53
00649.ppm;50;435;89;471;4;0.5
00649.ppm;215;371;320;482;5;0.52
00649.ppm;1335;532;1359;554;3;0.81
00649.ppm;1285;527;1327;567;3;0.57
00650.ppm;397;712;489;806;5;0.57
00650.ppm;1165;318;1198;349;4;0.54
00651.ppm;812;430;898;516;3;0.63
00651.ppm;785;365;864;449;3;0.55
00651.ppm;117;45;222;145;1;0.67
00651.ppm;1318;19;1356;55;2;0.67
00651.ppm;412;430;443;463;1;0.51
00651.ppm;1014;412;1057;454;3;0.71
00651.ppm;1328;133;1349;157;3;0.73
00651.ppm;795;347;853;401;2;0.67
00652.ppm;86;210;113;238;4;0.57
00652.ppm;526;462;559;493;2;0.56
00652.ppm;625;474;671;523;2;0.51
00652.ppm;350;383;374;405;5;0.51
00652.ppm;176;497;201;522;3;0.64
00652.ppm;123;493;145;514;3;0.57
00653.ppm;0;107;43;146;4;0.62
00653.ppm;440;517;461;539;1;0.52
00653.ppm;1075;391;1108;425;1;0.55
00653.ppm;762;344;817;399;3;0.51
00653.ppm;788;476;821;513;4;0.61
00653.ppm;821;458;855;490;3;0.6
00654.ppm;12;488;32;509;2;0.51
00654.ppm;1252;278;1280;308;3;0.69
00654.ppm;109;520;145;554;1;0.54
00655.ppm;11;292;91;365;1;0.49
00655.ppm;6;561;28;582;2;0.53
00655.ppm;864;304;921;367;2;0.53
00655.ppm;1143;517;1176;553;3;0.73
00656.ppm;0;482;27;508;3;0.58
00656.ppm;576;467;598;488;1;0.68
00657.ppm;992;398;1026;436;1;0.66
00657.ppm;609;430;631;454;3;0.67
00657.ppm;595;431;617;455;3;0.73
00658.ppm;0;423;26;448;2;0.52
00658.ppm;869;337;941;415;2;0.6
00659.ppm;993;430;1033;470;1;0.6
00660.ppm;943;421;980;459;1;0.74
00660.ppm;947;426;975;456;2;0.48
00661.ppm;576;206;607;237;5;0.54
00661.ppm;1158;16;1184;41;6;0.6
00661.ppm;1142;404;1166;428;1;0.54
00663.ppm;914;551;977;613;2;0.62
00663.ppm;858;371;879;391;2;0.6
00663.ppm;462;548;508;599;4;0.7
00663.ppm;836;310;890;359;5;0.67
00663.ppm;520;556;557;592;1;0.53
00665.ppm;1089;734;1151;794;1;0.48
00665.ppm;701;420;735;452;2;0.55
00667.ppm;129;183;161;215;5;0.49
00668.ppm;1082;250;1173;341;1;0.72
00669.ppm;898;393;949;445;1;0.68
00670.ppm;995;305;1064;374;1;0.69
00671.ppm;845;392;883;430;1;0.66
00671.ppm;839;348;891;396;2;0.66
00672.ppm;866;515;909;554;3;0.62
00672.ppm;887;271;945;329;6;0.61
00672.ppm;117;340;139;361;3;0.7
00674.ppm;715;369;752;406;1;0.77
00674.ppm;399;574;420;598;1;0.5
00675.ppm;639;501;677;539;6;0.88
00675.ppm;669;396;708;435;6;0.68
00675.ppm;944;397;980;435;6;0.58
00675.ppm;1011;390;1038;417;5;0.54
00678.ppm;703;406;737;438;5;0.56
00679.ppm;837;233;942;338;6;0.51
00679.ppm;836;251;1024;459;6;0.62
00679.ppm;717;406;761;454;6;0.64
00679.ppm;704;341;768;408;3;0.85
00679.ppm;843;360;925;445;6;0.48
00680.ppm;366;439;397;470;6;0.76
00680.ppm;898;392;954;450;1;0.74
00680.ppm;122;248;146;273;2;0.5
00680.ppm;202;507;227;534;3;0.61
00681.ppm;821;435;846;459;1;0.78
00681.ppm;99;502;120;524;2;0.59
00682.ppm;278;424;321;469;6;0.75
00682.ppm;884;421;932;469;6;0.73
00682.ppm;263;511;289;538;3;0.62
00685.ppm;622;551;655;588;3;0.59
00686.ppm;377;435;413;474;1;0.83
00686.ppm;398;512;431;548;3;0.61
00686.ppm;380;440;408;470;1;0.47
00688.ppm;2;577;52;631;3;0.68
00688.ppm;850;409;886;446;3;0.78
00688.ppm;401;428;434;461;3;0.73
00689.ppm;594;492;618;514;2;0.61
00691.ppm;885;489;909;515;3;0.63
00692.ppm;1050;357;1092;399;1;0.75
00694.ppm;697;378;719;399;3;0.71
00694.ppm;1159;333;1196;371;1;0.57
00696.ppm;906;366;927;390;3;0.61
00696.ppm;1259;452;1314;504;2;0.58
00696.ppm;1232;491;1263;523;3;0.67
00696.ppm;1224;483;1266;526;3;0.58
00697.ppm;942;319;1023;393;2;0.77
00700.ppm;854;350;908;399;5;0.66
00701.ppm;1042;394;1090;442;1;0.79
00703.ppm;1004;364;1038;401;1;0.61
00703.ppm;998;355;1046;405;1;0.64
00704.ppm;753;509;779;535;3;0.54
00704.ppm;1172;205;1217;250;2;0.54
00704.ppm;769;414;791;438;1;0.64
00705.ppm;1243;35;1283;72;1;0.48
00705.ppm;1270;200;1331;267;6;0.65
00705.ppm;953;341;992;379;1;0.75
00705.ppm;1270;164;1328;218;5;0.51
00705.ppm;65;284;222;429;2;0.52
00712.ppm;931;359;985;416;1;0.79
00714.ppm;781;310;830;359;1;0.72
00714.ppm;787;316;824;353;1;0.51
00716.ppm;819;333;871;384;1;0.74
00719.ppm;935;393;967;423;1;0.68
00720.ppm;9;373;46;413;6;0.63
00721.ppm;899;353;937;389;5;0.66
00721.ppm;905;356;931;380;5;0.57
00722.ppm;990;328;1052;385;2;0.73
00722.ppm;617;303;644;330;5;0.53
00722.ppm;650;249;678;280;1;0.56
00722.ppm;606;261;633;287;1;0.63
00722.ppm;594;308;626;340;2;0.54
00722.ppm;109;371;158;416;2;0.6
00723.ppm;741;358;807;422;2;0.65
00723.ppm;752;365;795;404;2;0.6
00723.ppm;186;368;231;413;2;0.68
00723.ppm;686;359;724;401;3;0.58
00725.ppm;369;629;413;669;5;0.57
00731.ppm;1174;196;1208;230;6;0.48
00731.ppm;1095;223;1126;255;6;0.56
00731.ppm;1154;203;1180;228;6;0.53
00732.ppm;1289;196;1316;221;6;0.5
00733.ppm;508;425;544;462;1;0.67
00737.ppm;606;445;634;471;5;0.55
00737.ppm;474;450;504;477;5;0.59
00738.ppm;555;604;585;635;6;0.79
00738.ppm;1116;178;1196;253;6;0.52
00740.ppm;489;512;534;560;1;0.78
00740.ppm;1167;514;1209;556;1;0.52
00741.ppm;440;561;462;583;2;0.54
00742.ppm;960;554;996;587;1;0.76
00742.ppm;334;562;368;596;1;0.78
00742.ppm;1216;133;1244;161;6;0.48
00742.ppm;1253;116;1287;153;6;0.53
00745.ppm;613;598;638;624;6;0.65
00746.ppm;1135;531;1187;583;3;0.55
00746.ppm;234;467;282;517;1;0.73
00746.ppm;235;512;281;562;1;0.72
00746.ppm;1138;497;1177;533;1;0.49
